"Timestamp" "I_dir [W/m2]" "I_glo[W/m2]" "I_dif[W/m2]" "Iglo_inc[W/m2]" "Indice_UV[W/m2]" "Indice_UVA[W/m2]" "AirTC[°C]" "HR[%]" "WS[m/s]" "WD[grados]" "PB[mbar]" "Rain[mm]"
"9/5/2024 10:50:00 AM" 24.30 357.00 273.20 356.20 0.08 26.48 26.53 70.91 1.24 1.56 864.98 0.10
"9/5/2024 10:40:00 AM" 380.40 768.30 356.60 766.90 0.13 47.16 27.30 68.81 1.66 1.56 864.98 0.00
"9/5/2024 10:30:00 AM" 451.40 802.00 341.20 803.00 0.13 48.76 26.89 68.30 0.63 1.57 865.11 0.00
"9/5/2024 10:20:00 AM" 355.90 670.30 301.10 674.40 0.11 42.37 26.53 71.56 1.43 1.57 865.16 0.00
"9/5/2024 10:10:00 AM" 421.80 780.80 355.60 782.80 0.12 46.87 26.41 73.18 0.88 1.54 865.19 0.00
"9/5/2024 10:00:00 AM" 231.90 566.80 302.90 568.70 0.09 36.37 25.34 78.97 0.31 1.55 865.10 0.00
"9/5/2024 9:50:00 AM" 121.50 482.60 314.00 483.00 0.08 31.81 24.50 82.50 0.38 1.54 865.14 0.00
"9/5/2024 9:40:00 AM" 113.90 520.40 349.10 519.60 0.08 33.39 23.79 84.20 0.83 1.57 865.11 0.00
"9/5/2024 9:30:00 AM" 6.20 331.30 273.80 327.60 0.05 23.56 23.15 88.60 0.63 332.50 865.07 0.00
"9/5/2024 9:20:00 AM" 15.57 347.80 271.20 356.80 0.05 22.82 23.16 89.20 0.96 337.90 865.09 0.00
"9/5/2024 9:10:00 AM" 14.33 342.30 270.90 347.20 0.04 21.47 22.94 90.80 0.71 294.80 865.18 0.00
"9/5/2024 9:00:00 AM" 16.61 339.00 272.00 334.10 0.04 20.73 22.60 93.10 1.14 258.30 865.07 0.00
"9/5/2024 8:50:00 AM" 2287.00 325.20 241.40 317.70 0.04 19.19 22.36 93.60 0.38 279.30 864.98 0.00
"9/5/2024 8:40:00 AM" 866.00 150.60 128.60 145.80 0.02 10.54 21.87 96.00 0.20 287.70 865.05 0.00
"9/5/2024 8:30:00 AM" 496.20 127.50 107.30 123.80 0.02 9.25 21.69 96.70 0.00 300.50 865.07 0.00
"9/5/2024 8:20:00 AM" 303.20 72.68 60.98 71.81 0.01 5.51 21.65 96.50 0.26 193.60 865.05 0.00
"9/5/2024 8:10:00 AM" 130.70 61.99 52.65 63.69 0.01 4.74 21.64 97.90 0.21 180.50 864.95 0.00
"9/5/2024 8:00:00 AM" 89.50 89.30 74.02 93.60 0.01 5.99 21.42 98.50 0.63 151.60 864.66 0.00
"9/5/2024 7:50:00 AM" 86.40 57.39 47.39 60.92 0.01 4.07 21.39 98.70 1.39 151.00 864.49 0.00
"9/5/2024 7:40:00 AM" 86.90 51.46 43.06 54.51 0.01 3.79 21.53 98.20 1.71 162.60 864.18 0.00
"9/5/2024 7:30:00 AM" 84.60 48.60 40.64 48.74 0.00 3.56 21.56 97.40 0.78 170.80 863.87 0.00
"9/5/2024 7:20:00 AM" 71.74 37.04 31.42 36.90 0.00 2.82 21.42 98.30 0.82 170.00 863.68 0.00
"9/5/2024 7:10:00 AM" 69.30 29.50 25.15 28.68 0.00 2.46 21.27 98.90 0.10 173.80 863.58 0.00
"9/5/2024 7:00:00 AM" 58.86 20.88 17.92 20.63 0.00 1.78 21.08 98.90 0.09 35.66 863.42 0.00
"9/5/2024 6:50:00 AM" 67.40 12.87 10.83 12.68 0.00 1.15 20.88 99.50 1.43 62.35 863.25 0.00
"9/5/2024 6:40:00 AM" 96.90 6.66 5.47 6.53 0.00 0.63 20.83 100.00 1.38 345.10 863.15 0.00
"9/5/2024 6:30:00 AM" 88.40 1.78 1.26 1.47 0.00 0.21 20.85 100.00 1.54 343.70 863.09 0.00
"9/5/2024 6:20:00 AM" 82.50 0.18 0.18 0.18 0.00 0.06 21.09 99.70 0.90 336.40 863.13 0.00
"9/5/2024 6:10:00 AM" 88.60 0.00 0.00 0.00 0.00 0.02 21.07 100.00 0.07 302.20 863.14 0.00
"9/5/2024 6:00:00 AM" 130.90 0.00 0.00 0.00 0.00 0.03 21.05 100.00 0.11 272.30 863.17 0.00
"9/5/2024 5:50:00 AM" 120.70 0.00 0.00 0.00 0.00 0.02 20.97 100.00 0.01 272.30 863.00 0.00
"9/5/2024 5:40:00 AM" 109.80 0.00 0.00 0.00 0.00 0.02 20.89 100.00 0.88 316.50 862.99 0.00
"9/5/2024 5:30:00 AM" 57.33 0.00 0.00 0.00 0.00 0.01 21.02 100.00 0.90 341.80 862.92 0.00
"9/5/2024 5:20:00 AM" 73.46 0.00 0.00 0.00 0.00 0.02 21.13 100.00 0.19 6.80 862.85 0.00
"9/5/2024 5:10:00 AM" 72.78 0.00 0.00 0.00 0.00 0.02 21.09 100.00 0.33 331.80 862.72 0.00
"9/5/2024 5:00:00 AM" 49.52 0.00 0.00 0.00 0.00 0.01 21.08 99.70 0.18 339.80 862.74 0.00
"9/5/2024 4:50:00 AM" 48.72 0.00 0.00 0.00 0.00 0.02 20.90 100.00 0.70 313.10 862.71 0.00
"9/5/2024 4:40:00 AM" 2.29 0.00 0.00 0.00 0.00 0.02 20.95 100.00 0.00 22.89 862.60 0.00
"9/5/2024 4:30:00 AM" 2.09 0.00 0.00 0.00 0.00 0.02 20.93 100.00 0.37 22.76 862.42 0.00
"9/5/2024 4:20:00 AM" 1.78 0.00 0.00 0.00 0.00 0.01 20.83 100.00 0.51 37.20 862.36 0.00
"9/5/2024 4:10:00 AM" 2.00 0.00 0.00 0.00 0.00 0.01 20.80 100.00 0.00 338.10 862.37 0.00
"9/5/2024 4:00:00 AM" 0.50 0.00 0.00 0.00 0.00 0.01 20.92 100.00 0.17 127.20 862.34 0.00
"9/5/2024 3:50:00 AM" 0.17 0.00 0.00 0.00 0.00 0.02 21.01 100.00 0.19 68.64 862.27 0.00
"9/5/2024 3:40:00 AM" 0.00 0.00 0.00 0.00 0.00 0.02 21.07 100.00 0.00 146.10 862.28 0.00
"9/5/2024 3:30:00 AM" 0.00 0.00 0.00 0.00 0.00 0.01 21.12 100.00 0.71 146.00 862.30 0.00
"9/5/2024 3:20:00 AM" 0.00 0.00 0.00 0.00 0.00 0.02 21.16 100.00 0.80 202.80 862.18 0.00
"9/5/2024 3:10:00 AM" 0.00 0.00 0.00 0.00 0.00 0.01 21.33 100.00 1.20 205.60 862.05 0.00
"9/5/2024 3:00:00 AM" 0.00 0.00 0.00 0.00 0.00 0.02 21.39 100.00 0.23 189.60 862.15 0.00
"9/5/2024 2:50:00 AM" 0.00 0.00 0.00 0.00 0.00 0.01 21.41 100.00 0.91 170.40 862.16 0.00
"9/5/2024 2:40:00 AM" 0.00 0.00 0.00 0.00 0.00 0.01 21.37 100.00 0.33 153.90 862.13 0.00
"9/5/2024 2:30:00 AM" 0.00 0.00 0.00 0.00 0.00 0.01 21.38 100.00 0.72 335.50 862.14 0.00
"9/5/2024 2:20:00 AM" 0.00 0.00 0.00 0.00 0.00 0.01 21.43 100.00 0.02 343.60 862.19 0.00
"9/5/2024 2:10:00 AM" 0.00 0.00 0.00 0.00 0.00 0.01 21.51 100.00 0.96 351.50 862.23 0.00
"9/5/2024 2:00:00 AM" 0.00 0.00 0.00 0.00 0.00 0.01 21.75 99.20 0.67 341.70 862.29 0.00
"9/5/2024 1:50:00 AM" 0.00 0.00 0.00 0.00 0.00 0.01 21.68 98.40 0.82 340.70 862.44 0.00
"9/5/2024 1:40:00 AM" 0.00 0.00 0.00 0.00 0.00 0.01 21.53 99.30 0.71 339.60 862.73 0.00
"9/5/2024 1:30:00 AM" 0.00 0.01 0.00 0.00 0.00 0.01 21.51 98.80 1.20 1.66 862.75 0.00
"9/5/2024 1:20:00 AM" 0.00 0.20 0.06 0.21 0.00 0.01 21.67 98.50 1.06 342.60 862.83 0.00
"9/5/2024 1:10:00 AM" 0.00 0.37 0.11 0.54 0.00 0.01 21.68 98.30 1.15 325.60 862.99 0.00
"9/5/2024 1:00:00 AM" 0.00 0.23 0.13 0.47 0.00 0.01 21.80 98.30 0.83 351.50 863.00 0.00
"9/5/2024 12:50:00 AM" 0.00 0.29 0.19 0.78 0.00 0.01 21.77 98.20 0.78 338.10 862.95 0.00
"9/5/2024 12:40:00 AM" 0.00 0.06 0.00 0.26 0.00 0.01 21.66 98.20 0.40 330.10 863.04 0.00
"9/5/2024 12:30:00 AM" 0.00 0.00 0.00 0.00 0.00 0.01 21.76 98.90 0.52 342.40 862.96 0.00
"9/5/2024 12:20:00 AM" 0.00 0.00 0.00 0.00 0.00 0.01 21.78 97.80 0.08 311.20 862.92 0.00
"9/5/2024 12:10:00 AM" 0.00 0.00 0.00 0.00 0.00 0.01 21.77 98.30 0.99 183.80 862.91 0.00
"9/5/2024 12:00:00 AM" 0.00 0.03 0.00 0.02 0.00 0.01 21.75 96.90 1.02 164.60 862.84 0.00
"9/4/2024 11:50:00 PM" 0.00 0.00 0.00 0.00 0.00 0.01 21.75 97.90 1.79 334.10 862.98 0.00
"9/4/2024 11:40:00 PM" 0.01 0.28 0.25 0.66 0.00 0.01 22.07 97.60 1.49 327.00 863.21 0.00
"9/4/2024 11:30:00 PM" 0.02 0.27 0.22 1.06 0.00 0.01 21.89 95.40 0.84 312.20 863.38 0.00
"9/4/2024 11:20:00 PM" 0.01 0.16 0.12 0.66 0.00 0.01 21.82 98.10 1.02 330.40 863.51 0.00
"9/4/2024 11:10:00 PM" 0.05 0.73 0.77 2.03 0.00 0.00 22.16 95.60 1.16 343.10 863.61 0.00
"9/4/2024 11:00:00 PM" 0.07 0.52 0.37 1.59 0.00 0.00 21.86 92.70 0.93 22.76 863.60 0.00
"9/4/2024 10:50:00 PM" 0.05 0.29 0.22 1.65 0.00 0.00 21.70 95.60 1.43 311.60 863.34 0.00
"9/4/2024 10:40:00 PM" 0.01 0.02 0.00 0.30 0.00 0.00 21.65 96.20 1.19 313.70 863.19 0.00
"9/4/2024 10:30:00 PM" 0.04 0.23 0.00 0.56 0.00 0.00 21.94 95.70 1.33 331.30 863.16 0.00
"9/4/2024 10:20:00 PM" 0.08 0.17 0.00 0.36 0.00 0.00 22.15 94.90 0.48 0.15 863.01 0.00
"9/4/2024 10:10:00 PM" 0.05 0.18 0.00 0.42 0.00 0.00 22.37 91.40 1.26 336.00 862.96 0.00
"9/4/2024 10:00:00 PM" 0.11 1.54 0.00 0.04 0.00 0.00 23.15 88.80 1.33 294.30 863.01 0.60
"9/4/2024 9:50:00 PM" 0.00 0.21 0.00 0.00 0.00 0.00 24.27 82.50 1.62 8.12 862.96 0.10
"9/4/2024 9:40:00 PM" 0.01 0.00 0.00 0.00 0.00 0.00 24.46 84.40 1.16 44.42 862.89 0.00
"9/4/2024 9:30:00 PM" 0.09 0.00 0.00 0.00 0.00 0.00 24.61 85.70 0.44 12.81 862.74 0.00
"9/4/2024 9:20:00 PM" 0.00 0.00 0.00 0.00 0.00 0.00 24.59 83.10 0.52 10.26 862.64 0.00
"9/4/2024 9:10:00 PM" 0.00 0.00 0.00 0.00 0.00 0.00 24.21 85.20 0.07 309.50 862.46 0.00
"9/4/2024 9:00:00 PM" 0.00 0.00 0.00 0.00 0.00 0.00 24.07 87.70 0.52 317.40 862.22 0.00
"9/4/2024 8:50:00 PM" 0.06 0.00 0.00 0.00 0.00 0.00 24.16 88.50 0.21 138.80 861.97 0.00
"9/4/2024 8:40:00 PM" 0.11 0.00 0.00 0.00 0.00 0.00 24.04 85.80 0.21 83.00 861.45 0.00
"9/4/2024 8:30:00 PM" 0.01 0.00 0.00 0.00 0.00 0.00 24.21 89.00 0.63 110.80 861.15 0.00
"9/4/2024 8:20:00 PM" 0.00 0.00 0.00 0.00 0.00 0.00 24.14 86.90 0.29 16.73 860.89 0.00
"9/4/2024 8:10:00 PM" 0.02 0.00 0.00 0.00 0.00 0.00 24.11 88.00 1.22 6.36 860.76 0.00
"9/4/2024 8:00:00 PM" 0.07 0.00 0.00 0.00 0.00 0.00 24.18 86.30 0.25 156.30 860.42 0.00
"9/4/2024 7:50:00 PM" 0.00 0.00 0.00 0.00 0.00 0.00 24.13 84.10 0.20 323.10 860.25 0.00
"9/4/2024 7:40:00 PM" 0.00 0.00 0.00 0.00 0.00 0.00 24.54 85.70 0.97 342.40 860.22 0.00
"9/4/2024 7:30:00 PM" 0.00 0.00 0.00 0.00 0.00 0.00 24.54 82.10 0.48 343.50 859.92 0.00
"9/4/2024 7:20:00 PM" 0.00 0.00 0.00 0.00 0.00 0.00 24.47 84.60 0.32 322.10 859.86 0.00
"9/4/2024 7:10:00 PM" 0.00 0.00 0.00 0.00 0.00 0.01 24.90 79.29 0.61 143.40 859.68 0.00
"9/4/2024 7:00:00 PM" 0.00 0.01 0.00 0.00 0.00 0.08 25.01 77.50 1.75 149.30 859.47 0.00
"9/4/2024 6:50:00 PM" 0.00 3.07 2.28 2.08 0.00 0.39 25.15 79.05 1.21 145.70 859.31 0.00
"9/4/2024 6:40:00 PM" 0.20 13.84 11.20 11.16 0.00 1.13 25.52 76.71 2.50 160.30 859.10 0.00
"9/4/2024 6:30:00 PM" 73.22 42.08 28.97 31.66 0.00 2.24 25.79 75.08 2.17 163.80 858.99 0.00
"9/4/2024 6:20:00 PM" 187.40 71.77 38.24 53.62 0.00 3.61 26.01 75.44 2.11 188.70 858.82 0.00
"9/4/2024 6:10:00 PM" 248.40 100.50 45.56 78.76 0.00 5.15 26.08 74.95 2.15 178.30 858.67 0.00
"9/4/2024 6:00:00 PM" 320.30 139.00 54.44 112.10 0.01 6.89 26.19 75.41 2.94 229.50 858.43 0.00
"9/4/2024 5:50:00 PM" 382.90 178.60 61.95 147.70 0.01 8.80 26.58 73.97 2.97 185.60 858.45 0.00
"9/4/2024 5:40:00 PM" 440.70 221.80 68.85 188.20 0.01 10.84 26.77 75.21 2.63 224.60 858.48 0.00
"9/4/2024 5:30:00 PM" 470.70 259.90 75.89 225.10 0.01 13.16 27.42 73.06 2.02 1.57 858.55 0.00
"9/4/2024 5:20:00 PM" 517.10 302.40 80.90 264.20 0.02 15.72 27.65 71.55 1.64 1.53 858.63 0.00
"9/4/2024 5:10:00 PM" 603.30 357.40 81.60 317.30 0.03 18.55 27.75 69.02 0.95 1.57 858.69 0.00
"9/4/2024 5:00:00 PM" 651.50 405.90 80.90 366.10 0.03 21.32 27.39 71.96 2.30 1.57 858.71 0.00
"9/4/2024 4:50:00 PM" 698.90 458.00 83.40 416.80 0.04 24.46 27.53 70.39 2.06 1.57 858.76 0.00
"9/4/2024 4:40:00 PM" 710.10 490.90 84.20 450.60 0.05 27.15 27.82 68.57 1.41 1.58 859.00 0.00
"9/4/2024 4:30:00 PM" 722.90 528.20 85.00 490.10 0.05 29.54 27.38 65.71 1.94 1.57 859.17 0.00
"9/4/2024 4:20:00 PM" 706.30 553.10 91.60 514.30 0.06 31.35 27.61 66.91 2.13 1.59 859.37 0.00
"9/4/2024 4:10:00 PM" 733.30 603.70 101.50 563.50 0.07 34.76 27.86 68.02 1.60 1.56 859.60 0.00
"9/4/2024 4:00:00 PM" 726.50 633.70 108.60 595.60 0.08 36.66 27.20 66.60 1.08 1.56 859.87 0.00
"9/4/2024 3:50:00 PM" 709.00 651.60 112.70 614.10 0.09 38.89 27.21 66.16 2.34 1.56 860.10 0.00
"9/4/2024 3:40:00 PM" 740.00 697.70 116.40 659.10 0.10 42.04 27.49 65.85 1.67 1.57 860.28 0.00
"9/4/2024 3:30:00 PM" 793.30 757.10 116.40 719.10 0.12 45.99 27.53 65.98 2.53 1.58 860.40 0.00
"9/4/2024 3:20:00 PM" 836.00 810.00 117.10 768.60 0.13 49.65 27.45 66.46 1.84 1.60 860.54 0.00
"9/4/2024 3:10:00 PM" 863.00 843.00 107.70 803.00 0.14 52.30 27.32 67.22 1.43 1.57 860.63 0.00
"9/4/2024 3:00:00 PM" 875.00 854.00 104.80 832.00 0.15 54.63 27.55 64.18 1.74 1.61 860.86 0.00
"9/4/2024 2:50:00 PM" 881.00 890.00 101.20 855.00 0.16 56.43 27.35 63.85 1.83 1.57 861.12 0.00
"9/4/2024 2:40:00 PM" 876.00 909.00 101.70 877.00 0.17 58.07 26.64 67.17 2.05 1.57 861.32 0.00
"9/4/2024 2:30:00 PM" 870.00 937.00 111.80 905.00 0.18 60.09 26.69 66.76 3.62 1.52 861.51 0.00
"9/4/2024 2:20:00 PM" 862.00 951.00 120.30 921.00 0.19 61.46 26.93 66.30 2.44 1.60 861.71 0.00
"9/4/2024 2:10:00 PM" 861.00 963.00 117.80 936.00 0.20 62.35 26.58 70.49 2.80 1.57 862.04 0.00
"9/4/2024 2:00:00 PM" 864.00 988.00 124.10 960.00 0.21 63.88 26.35 66.43 3.41 1.61 862.24 0.00
"9/4/2024 1:50:00 PM" 875.00 1026.00 143.00 995.00 0.21 65.80 26.41 70.15 2.27 1.47 862.40 0.00
"9/4/2024 1:40:00 PM" 876.00 1083.00 170.90 1045.00 0.22 68.04 26.67 72.77 2.96 1.56 862.50 0.00
"9/4/2024 1:30:00 PM" 875.00 1055.00 139.10 1031.00 0.23 67.69 26.28 74.85 1.93 1.58 862.58 0.00
"9/4/2024 1:20:00 PM" 645.80 844.00 135.60 827.00 0.21 59.11 26.06 73.09 2.58 1.53 862.69 0.00
"9/4/2024 1:10:00 PM" 825.00 999.00 129.30 970.00 0.23 66.73 26.06 74.85 2.09 1.56 862.93 0.00
"9/4/2024 1:00:00 PM" 897.00 1058.00 118.80 1036.00 0.24 69.49 25.81 74.40 2.42 1.61 863.17 0.00
"9/4/2024 12:50:00 PM" 819.00 1012.00 128.80 991.00 0.23 67.46 25.63 75.79 2.50 1.59 863.35 0.00
"9/4/2024 12:40:00 PM" 822.00 996.00 119.20 976.00 0.23 66.20 25.68 74.93 2.91 1.55 863.65 0.00
"9/4/2024 12:30:00 PM" 776.10 963.00 135.20 948.00 0.23 64.83 25.73 78.51 1.72 1.58 863.99 0.00
"9/4/2024 12:20:00 PM" 654.10 887.00 164.70 869.00 0.21 61.19 25.65 76.69 1.71 1.56 864.22 0.00
"9/4/2024 12:10:00 PM" 564.90 815.00 180.30 803.00 0.20 57.30 25.58 78.42 2.02 1.57 864.37 0.00
"9/4/2024 12:00:00 PM" 691.30 891.00 158.50 883.00 0.21 60.94 25.51 76.79 0.86 1.56 864.52 0.00
"9/4/2024 11:50:00 AM" 778.90 964.00 150.30 955.00 0.22 63.98 24.90 78.18 1.95 1.57 864.69 0.00
"9/4/2024 11:40:00 AM" 757.60 953.00 166.90 942.00 0.21 62.89 24.35 80.80 1.24 1.58 864.90 0.00
"9/4/2024 11:30:00 AM" 585.60 825.00 197.40 823.00 0.19 57.14 24.71 81.00 2.29 1.57 865.09 0.00
"9/4/2024 11:20:00 AM" 639.90 858.00 184.80 861.00 0.19 57.77 24.64 79.83 1.95 1.58 865.25 0.00
"9/4/2024 11:10:00 AM" 770.40 927.00 167.50 928.00 0.19 60.60 24.52 79.52 2.13 1.55 865.30 0.00
"9/4/2024 11:00:00 AM" 767.20 909.00 162.60 913.00 0.18 58.91 24.41 81.40 1.54 1.57 865.51 0.00
"9/4/2024 10:50:00 AM" 630.00 770.80 159.20 777.30 0.16 52.45 24.48 80.60 1.89 1.56 865.64 0.00
"9/4/2024 10:40:00 AM" 717.70 818.00 152.30 825.00 0.16 53.48 24.28 81.20 1.79 1.57 865.69 0.00
"9/4/2024 10:30:00 AM" 715.20 789.00 144.30 798.30 0.15 51.46 24.15 81.80 1.77 1.55 865.63 0.00
"9/4/2024 10:20:00 AM" 724.30 776.10 143.50 785.30 0.14 50.00 23.58 85.10 1.60 1.56 865.65 0.00
"9/4/2024 10:10:00 AM" 729.80 768.30 149.30 778.90 0.13 48.53 23.77 84.00 1.93 1.55 865.69 0.00
"9/4/2024 10:00:00 AM" 711.60 728.60 147.10 739.20 0.12 45.77 23.45 87.00 1.83 1.57 865.75 0.00
"9/4/2024 9:50:00 AM" 738.50 721.60 143.80 733.00 0.11 44.77 23.46 89.00 1.06 1.56 865.81 0.00
"9/4/2024 9:40:00 AM" 719.50 686.40 142.40 699.40 0.10 42.09 22.95 87.90 1.62 1.58 865.85 0.00
"9/4/2024 9:30:00 AM" 693.70 647.20 140.80 658.40 0.09 39.33 22.96 91.00 2.11 1.56 865.78 0.00
"9/4/2024 9:20:00 AM" 679.60 595.80 128.10 607.60 0.08 36.23 23.59 84.50 1.01 175.70 865.76 0.00
"9/4/2024 9:10:00 AM" 663.10 554.90 122.80 565.70 0.07 33.60 23.46 84.60 1.28 108.40 865.69 0.00
"9/4/2024 9:00:00 AM" 724.20 538.50 120.20 549.50 0.06 31.87 23.14 85.90 1.46 178.70 865.64 0.00
"9/4/2024 8:50:00 AM" 806.00 505.30 126.30 514.40 0.06 29.25 22.96 89.30 1.99 80.60 865.66 0.00
"9/4/2024 8:40:00 AM" 698.70 486.70 142.70 493.40 0.05 27.23 22.76 89.90 1.39 165.70 865.53 0.00
"9/4/2024 8:30:00 AM" 606.80 422.00 116.60 430.50 0.04 23.88 22.04 90.60 1.21 151.30 865.34 0.00
"9/4/2024 8:20:00 AM" 570.00 376.40 108.40 382.90 0.03 21.37 21.78 89.90 1.19 41.73 865.29 0.00
"9/4/2024 8:10:00 AM" 437.00 319.30 116.00 323.50 0.03 18.37 21.37 100.00 0.83 107.50 865.18 0.00
"9/4/2024 8:00:00 AM" 312.10 261.30 111.60 259.60 0.02 15.31 21.33 100.00 0.07 25.69 864.96 0.00
"9/4/2024 7:50:00 AM" 373.00 259.10 101.00 256.90 0.02 13.50 20.87 100.00 0.00 10.55 864.80 0.00
"9/4/2024 7:40:00 AM" 313.80 217.70 93.00 215.90 0.01 11.34 20.29 100.00 0.00 351.50 864.61 0.00
"9/4/2024 7:30:00 AM" 272.90 181.40 85.30 177.50 0.01 9.15 19.94 100.00 0.00 345.00 864.52 0.00
"9/4/2024 7:20:00 AM" 230.10 143.20 72.30 137.70 0.01 7.14 19.50 100.00 0.00 326.80 864.39 0.00
"9/4/2024 7:10:00 AM" 167.60 104.70 58.21 95.80 0.00 5.15 18.99 100.00 0.00 39.16 864.31 0.00
"9/4/2024 7:00:00 AM" 90.60 63.75 41.41 58.49 0.00 3.64 18.68 100.00 0.09 50.24 864.09 0.00
"9/4/2024 6:50:00 AM" 31.79 34.75 26.03 32.81 0.00 2.20 18.41 100.00 0.23 0.22 863.94 0.00
"9/4/2024 6:40:00 AM" 4.17 15.58 12.84 14.42 0.00 1.20 18.27 100.00 0.04 24.62 863.88 0.00
"9/4/2024 6:30:00 AM" 0.00 4.57 3.66 3.28 0.00 0.43 18.22 100.00 0.52 316.30 863.80 0.00
"9/4/2024 6:20:00 AM" 0.00 0.56 0.45 0.02 0.00 0.15 18.17 100.00 2.24 329.80 863.70 0.00
"9/4/2024 6:10:00 AM" 0.00 0.00 0.00 0.00 0.00 0.10 18.18 100.00 2.14 329.00 863.57 0.00
"9/4/2024 6:00:00 AM" 0.00 0.00 0.00 0.00 0.00 0.07 18.20 100.00 2.00 342.40 863.51 0.00
"9/4/2024 5:50:00 AM" 0.00 0.00 0.00 0.00 0.00 0.03 18.23 100.00 1.90 326.00 863.48 0.00
"9/4/2024 5:40:00 AM" 0.00 0.00 0.00 0.00 0.00 0.06 18.25 100.00 1.13 333.20 863.42 0.00
"9/4/2024 5:30:00 AM" 0.00 0.00 0.00 0.00 0.00 0.04 18.30 100.00 0.06 318.50 863.28 0.00
"9/4/2024 5:20:00 AM" 0.00 0.00 0.00 0.00 0.00 0.04 18.28 100.00 0.48 29.13 863.05 0.00
"9/4/2024 5:10:00 AM" 0.00 0.00 0.00 0.00 0.00 0.02 18.34 100.00 0.16 27.11 863.06 0.10
"9/4/2024 5:00:00 AM" 0.00 0.00 0.00 0.00 0.00 0.02 18.35 100.00 0.49 120.40 863.09 0.00
"9/4/2024 4:50:00 AM" 0.00 0.00 0.00 0.00 0.00 0.05 18.39 100.00 0.68 37.40 862.99 0.00
"9/4/2024 4:40:00 AM" 0.00 0.00 0.00 0.00 0.00 0.05 18.45 100.00 0.60 91.00 862.99 0.00
"9/4/2024 4:30:00 AM" 0.00 0.00 0.00 0.00 0.00 0.02 18.49 100.00 0.63 51.21 862.98 0.00
"9/4/2024 4:20:00 AM" 0.00 0.00 0.00 0.00 0.00 0.04 18.48 100.00 0.33 48.38 863.07 0.00
"9/4/2024 4:10:00 AM" 0.00 0.00 0.00 0.00 0.00 0.04 18.49 100.00 0.69 128.50 863.18 0.00
"9/4/2024 4:00:00 AM" 0.00 0.00 0.00 0.00 0.00 0.03 18.47 100.00 0.67 143.00 863.06 0.00
"9/4/2024 3:50:00 AM" 0.00 0.00 0.00 0.00 0.00 0.04 18.53 100.00 1.89 187.70 863.00 0.00
"9/4/2024 3:40:00 AM" 0.00 0.00 0.00 0.00 0.00 0.05 18.69 100.00 1.17 176.70 862.99 0.00
"9/4/2024 3:30:00 AM" 0.00 0.02 0.00 0.00 0.00 0.02 18.72 100.00 0.89 214.00 862.88 0.00
"9/4/2024 3:20:00 AM" 0.00 0.14 0.00 0.00 0.00 0.02 18.78 100.00 1.35 243.40 862.82 0.00
"9/4/2024 3:10:00 AM" 0.00 0.17 0.00 0.00 0.00 0.07 18.91 100.00 1.93 262.50 862.74 0.00
"9/4/2024 3:00:00 AM" 0.00 0.17 0.01 0.00 0.00 0.03 19.01 100.00 2.51 230.70 862.82 0.00
"9/4/2024 2:50:00 AM" 0.00 0.16 0.46 0.57 0.00 0.03 19.08 100.00 0.34 210.70 862.94 0.00
"9/4/2024 2:40:00 AM" 0.00 0.06 0.19 1.01 0.00 0.04 19.01 100.00 0.87 316.50 862.97 0.00
"9/4/2024 2:30:00 AM" 0.00 0.00 0.00 0.19 0.00 0.02 18.90 100.00 0.20 281.40 863.14 0.00
"9/4/2024 2:20:00 AM" 0.00 0.00 0.01 0.00 0.00 0.02 18.88 100.00 0.00 351.20 863.25 0.10
"9/4/2024 2:10:00 AM" 0.00 0.00 0.01 0.01 0.00 0.03 18.84 100.00 0.18 21.70 863.25 0.20
"9/4/2024 2:00:00 AM" 0.00 0.00 0.00 0.01 0.00 0.02 18.78 100.00 0.28 318.10 863.23 0.10
"9/4/2024 1:50:00 AM" 0.00 0.00 0.00 0.13 0.00 0.03 18.64 100.00 1.73 336.30 863.27 0.10
"9/4/2024 1:40:00 AM" 0.00 0.00 0.00 0.09 0.00 0.03 18.57 100.00 2.17 312.70 863.40 0.40
"9/4/2024 1:30:00 AM" 0.00 0.00 0.00 0.00 0.00 0.03 18.63 100.00 1.43 326.70 863.51 0.30
"9/4/2024 1:20:00 AM" 0.00 0.00 0.00 0.05 0.00 0.02 18.57 100.00 1.80 316.00 863.61 0.20
"9/4/2024 1:10:00 AM" 0.00 0.00 0.00 0.09 0.00 0.02 18.39 100.00 2.17 351.50 863.83 0.30
"9/4/2024 1:00:00 AM" 0.00 0.00 0.00 0.38 0.00 0.02 18.29 100.00 2.36 11.46 864.10 0.20
"9/4/2024 12:50:00 AM" 0.00 0.03 0.01 0.74 0.00 0.02 18.06 100.00 3.27 2.32 864.30 0.10
"9/4/2024 12:40:00 AM" 0.00 0.00 0.00 0.21 0.00 0.01 17.99 100.00 3.19 332.90 864.37 0.20
"9/4/2024 12:30:00 AM" 0.00 0.20 0.00 0.07 0.00 0.01 17.99 100.00 3.57 337.10 864.60 0.40
"9/4/2024 12:20:00 AM" 0.00 0.32 0.00 0.02 0.00 0.01 18.24 100.00 1.98 350.30 865.02 0.60
"9/4/2024 12:10:00 AM" 0.00 0.66 0.00 0.05 0.00 0.01 18.53 100.00 2.73 324.90 865.22 0.60
"9/4/2024 12:00:00 AM" 0.01 0.16 0.00 0.01 0.00 0.00 18.95 100.00 2.24 319.90 865.25 0.60
"9/3/2024 11:50:00 PM" 0.09 0.00 0.04 0.04 0.00 0.01 18.99 100.00 1.76 8.28 865.46 1.00
"9/3/2024 11:40:00 PM" 0.16 0.00 0.01 0.03 0.00 0.00 18.83 100.00 2.71 190.30 865.78 6.90
"9/3/2024 11:30:00 PM" 0.06 2.75 0.02 0.02 0.00 0.00 18.77 100.00 3.81 167.10 866.13 9.00
"9/3/2024 11:20:00 PM" 0.00 2.55 0.00 0.00 0.00 0.00 20.67 97.50 5.05 87.90 865.02 0.80
"9/3/2024 11:10:00 PM" 0.05 0.96 0.00 0.06 0.00 0.00 23.27 85.50 3.92 119.30 863.72 0.00
"9/3/2024 11:00:00 PM" 0.21 0.00 0.00 0.00 0.00 0.00 24.03 81.80 1.40 11.62 862.98 0.00
"9/3/2024 10:50:00 PM" 0.14 0.00 0.00 0.00 0.00 0.00 23.74 83.70 1.60 20.19 862.80 0.00
"9/3/2024 10:40:00 PM" 0.08 0.00 0.00 0.00 0.00 0.00 23.61 84.20 1.35 0.43 862.69 0.00
"9/3/2024 10:30:00 PM" 0.93 0.00 0.00 0.00 0.00 0.00 24.06 86.60 1.11 334.90 862.71 0.00
"9/3/2024 10:20:00 PM" 0.00 0.00 0.00 0.00 0.00 0.00 24.24 84.20 0.96 291.70 862.22 0.00
"9/3/2024 10:10:00 PM" 0.00 0.00 0.00 0.00 0.00 0.00 24.30 83.40 1.70 323.20 862.24 0.00
"9/3/2024 10:00:00 PM" 0.00 0.00 0.00 0.00 0.00 0.00 24.26 83.00 2.25 303.90 862.15 0.00
"9/3/2024 9:50:00 PM" 0.00 0.00 0.00 0.00 0.00 0.00 24.25 83.20 2.65 320.30 862.21 0.00
"9/3/2024 9:40:00 PM" 0.00 0.00 0.00 0.00 0.00 0.00 24.58 83.10 2.28 318.80 862.15 0.00
"9/3/2024 9:30:00 PM" 0.02 0.00 0.00 0.00 0.00 0.00 24.70 80.20 2.10 297.90 862.03 0.00
"9/3/2024 9:20:00 PM" 0.07 0.00 0.00 0.00 0.00 0.00 24.59 79.94 2.18 274.80 861.96 0.00
"9/3/2024 9:10:00 PM" 0.00 0.00 0.00 0.00 0.00 0.00 24.48 82.90 1.91 300.40 861.93 0.00
"9/3/2024 9:00:00 PM" 0.06 0.00 0.00 0.00 0.00 0.00 24.68 80.90 2.08 296.90 861.82 0.00
"9/3/2024 8:50:00 PM" 0.00 0.00 0.00 0.00 0.00 0.00 24.67 82.90 1.54 295.60 861.57 0.00
"9/3/2024 8:40:00 PM" 0.03 0.00 0.00 0.00 0.00 0.00 25.12 78.92 0.78 319.90 861.39 0.00
"9/3/2024 8:30:00 PM" 0.01 0.00 0.00 0.00 0.00 0.00 25.01 79.64 0.87 316.50 861.20 0.00
"9/3/2024 8:20:00 PM" 0.00 0.00 0.00 0.00 0.00 0.00 25.03 79.88 1.30 297.20 861.07 0.00
"9/3/2024 8:10:00 PM" 0.00 0.00 0.00 0.00 0.00 0.00 25.52 78.18 0.05 168.70 860.67 0.00
"9/3/2024 8:00:00 PM" 0.00 0.00 0.00 0.00 0.00 0.00 25.74 76.97 0.17 183.00 860.31 0.00
"9/3/2024 7:50:00 PM" 0.00 0.00 0.00 0.00 0.00 0.00 26.05 73.98 0.04 106.80 860.07 0.00
"9/3/2024 7:40:00 PM" 0.00 0.00 0.00 0.00 0.00 0.00 26.18 71.72 0.33 122.10 859.85 0.00
"9/3/2024 7:30:00 PM" 0.00 0.00 0.00 0.00 0.00 0.00 26.39 71.78 1.53 135.30 859.53 0.00
"9/3/2024 7:20:00 PM" 0.00 0.00 0.00 0.00 0.00 0.00 26.77 67.55 1.87 173.50 859.26 0.00
"9/3/2024 7:10:00 PM" 0.00 0.00 0.00 0.00 0.00 0.01 26.96 65.89 1.77 170.40 859.18 0.00
"9/3/2024 7:00:00 PM" 0.00 0.00 0.00 0.00 0.00 0.06 26.99 64.80 1.20 213.70 859.08 0.00
"9/3/2024 6:50:00 PM" 0.00 3.20 2.34 2.53 0.00 0.28 27.16 64.38 0.42 248.50 858.88 0.00
"9/3/2024 6:40:00 PM" 0.05 14.97 12.15 14.09 0.00 0.75 27.38 63.63 0.21 277.40 858.84 0.00
"9/3/2024 6:30:00 PM" 8.89 38.98 30.81 36.20 0.00 1.98 27.53 63.68 1.50 254.00 858.49 0.00
"9/3/2024 6:20:00 PM" 0.80 68.06 55.37 63.45 0.00 3.84 27.59 63.82 1.04 270.60 858.24 0.00
"9/3/2024 6:10:00 PM" 18.17 104.00 81.60 95.70 0.01 6.22 28.26 61.16 0.73 283.40 858.04 0.00
"9/3/2024 6:00:00 PM" 205.80 169.30 99.70 148.20 0.01 8.73 28.31 59.31 1.74 1.56 858.01 0.00
"9/3/2024 5:50:00 PM" 344.30 222.20 103.90 191.00 0.01 11.07 28.43 58.36 1.67 1.57 857.94 0.00
"9/3/2024 5:40:00 PM" 373.30 238.60 99.50 204.20 0.01 12.82 28.89 58.11 2.10 1.56 858.08 0.00
"9/3/2024 5:30:00 PM" 522.10 296.40 91.70 253.70 0.02 14.82 29.01 58.57 1.72 1.56 858.28 0.00
"9/3/2024 5:20:00 PM" 621.60 350.20 87.80 302.90 0.02 17.33 29.10 57.04 1.96 1.57 858.28 0.00
"9/3/2024 5:10:00 PM" 608.80 365.30 84.40 320.30 0.03 19.17 28.92 57.92 1.91 1.57 858.31 0.00
"9/3/2024 5:00:00 PM" 623.50 400.90 84.70 356.40 0.03 21.28 28.67 58.35 2.25 1.56 858.41 0.00
"9/3/2024 4:50:00 PM" 707.40 471.30 90.80 423.00 0.04 25.32 29.22 58.93 1.39 1.57 858.59 0.00
"9/3/2024 4:40:00 PM" 721.00 506.00 90.90 460.00 0.05 27.63 28.93 58.60 2.60 1.56 858.58 0.00
"9/3/2024 4:30:00 PM" 723.20 537.70 93.80 492.40 0.06 30.15 29.34 58.03 2.37 1.58 858.76 0.00
"9/3/2024 4:20:00 PM" 690.80 549.20 96.80 506.60 0.06 31.78 29.08 59.45 3.04 1.54 858.87 0.00
"9/3/2024 4:10:00 PM" 714.90 591.50 98.70 551.40 0.07 34.75 28.93 58.72 1.87 1.56 858.94 0.00
"9/3/2024 4:00:00 PM" 768.50 657.10 103.30 616.50 0.08 38.59 29.31 57.30 2.76 1.57 858.90 0.00
"9/3/2024 3:50:00 PM" 803.00 703.00 100.60 660.40 0.10 41.65 29.58 57.70 1.91 1.58 858.99 0.00
"9/3/2024 3:40:00 PM" 799.30 727.70 104.60 688.20 0.10 43.83 29.07 58.79 2.44 1.59 859.19 0.00
"9/3/2024 3:30:00 PM" 820.00 766.70 105.80 728.00 0.12 46.41 28.91 56.97 2.12 1.57 859.35 0.00
"9/3/2024 3:20:00 PM" 829.00 795.70 104.80 758.30 0.13 48.77 28.97 54.61 2.88 1.55 859.30 0.00
"9/3/2024 3:10:00 PM" 838.00 825.00 105.90 789.80 0.14 51.00 29.12 53.11 1.94 1.62 859.43 0.00
"9/3/2024 3:00:00 PM" 796.30 832.00 119.30 797.80 0.14 51.30 28.55 62.04 2.58 1.56 859.68 0.00
"9/3/2024 2:50:00 PM" 833.00 880.00 118.20 844.00 0.16 55.30 28.74 60.61 2.63 1.59 859.76 0.00
"9/3/2024 2:40:00 PM" 863.00 910.00 110.30 877.00 0.17 57.98 28.93 58.11 2.10 1.56 860.08 0.00
"9/3/2024 2:30:00 PM" 866.00 931.00 108.40 901.00 0.18 59.52 28.26 61.59 2.91 1.56 860.43 0.00
"9/3/2024 2:20:00 PM" 873.00 954.00 108.00 926.00 0.19 61.27 27.90 61.57 3.07 1.53 860.59 0.00
"9/3/2024 2:10:00 PM" 868.00 971.00 111.10 942.00 0.20 62.37 27.67 65.50 3.89 1.52 860.76 0.00
"9/3/2024 2:00:00 PM" 870.00 986.00 112.90 957.00 0.21 63.78 27.65 65.87 3.26 1.57 860.94 0.00
"9/3/2024 1:50:00 PM" 870.00 1006.00 117.50 975.00 0.21 65.26 27.49 67.43 3.72 1.60 861.05 0.00
"9/3/2024 1:40:00 PM" 882.00 1015.00 113.40 988.00 0.22 66.48 27.04 68.59 2.24 1.53 861.24 0.00
"9/3/2024 1:30:00 PM" 885.00 1027.00 110.80 999.00 0.23 67.26 27.07 65.27 2.62 1.56 861.52 0.00
"9/3/2024 1:20:00 PM" 883.00 1034.00 106.90 1007.00 0.23 67.94 27.20 66.45 3.04 1.54 861.80 0.00
"9/3/2024 1:10:00 PM" 887.00 1042.00 108.10 1017.00 0.23 68.65 26.88 65.32 3.67 1.54 861.99 0.00
"9/3/2024 1:00:00 PM" 889.00 1047.00 110.50 1024.00 0.24 68.97 26.50 68.09 3.47 1.57 862.17 0.00
"9/3/2024 12:50:00 PM" 883.00 1063.00 129.30 1040.00 0.24 69.70 26.88 68.65 2.44 1.53 862.44 0.00
"9/3/2024 12:40:00 PM" 893.00 1082.00 135.00 1056.00 0.24 70.49 26.93 71.28 3.68 1.56 862.57 0.00
"9/3/2024 12:30:00 PM" 873.00 1078.00 139.70 1053.00 0.24 70.01 26.52 69.31 2.46 1.59 862.74 0.00
"9/3/2024 12:20:00 PM" 856.00 1053.00 139.30 1033.00 0.23 68.82 26.71 70.55 3.34 1.55 862.90 0.00
"9/3/2024 12:10:00 PM" 891.00 1047.00 116.20 1031.00 0.23 68.86 26.48 69.93 2.62 1.60 863.03 0.00
"9/3/2024 12:00:00 PM" 883.00 1035.00 121.40 1019.00 0.23 67.89 26.60 70.90 2.60 1.55 863.34 0.00
"9/3/2024 11:50:00 AM" 846.00 1039.00 163.80 1004.00 0.23 67.41 26.97 70.18 2.21 1.57 863.62 0.00
"9/3/2024 11:40:00 AM" 748.20 955.00 162.20 942.00 0.21 62.30 27.29 64.68 2.08 1.54 863.76 0.00
"9/3/2024 11:30:00 AM" 860.00 1010.00 142.70 1000.00 0.21 65.38 27.19 71.06 1.32 1.57 863.85 0.00
"9/3/2024 11:20:00 AM" 849.00 965.00 125.50 959.00 0.21 63.21 26.79 69.88 1.76 1.60 863.90 0.00
"9/3/2024 11:10:00 AM" 849.00 936.00 111.20 933.00 0.20 61.27 26.20 71.87 1.44 1.56 864.04 0.00
"9/3/2024 11:00:00 AM" 849.00 916.00 109.20 915.00 0.19 59.85 26.10 74.29 1.45 1.59 864.17 0.00
"9/3/2024 10:50:00 AM" 849.00 895.00 109.20 893.00 0.18 58.20 26.56 71.12 0.84 1.55 864.31 0.00
"9/3/2024 10:40:00 AM" 841.00 867.00 109.00 870.00 0.17 56.24 25.46 74.16 0.77 1.55 864.41 0.00
"9/3/2024 10:30:00 AM" 828.00 837.00 107.50 842.00 0.16 54.04 25.10 75.90 1.35 1.56 864.52 0.00
"9/3/2024 10:20:00 AM" 830.00 810.00 103.80 815.00 0.15 52.23 25.67 76.21 0.98 1.56 864.43 0.00
"9/3/2024 10:10:00 AM" 830.00 781.90 102.00 785.30 0.14 50.18 25.61 74.60 0.69 1.54 864.49 0.00
"9/3/2024 10:00:00 AM" 804.00 744.70 102.80 748.40 0.13 47.62 25.09 78.20 0.95 1.56 864.52 0.00
"9/3/2024 9:50:00 AM" 793.10 717.20 105.60 722.60 0.12 45.39 24.41 79.73 0.73 1.56 864.55 0.00
"9/3/2024 9:40:00 AM" 766.80 681.50 110.20 686.40 0.10 42.54 24.45 77.69 0.74 1.57 864.66 0.00
"9/3/2024 9:30:00 AM" 727.20 631.60 108.50 634.60 0.09 39.28 24.24 80.60 1.55 105.90 864.59 0.00
"9/3/2024 9:20:00 AM" 725.40 606.70 110.90 610.30 0.08 37.08 24.03 82.20 0.75 142.50 864.52 0.00
"9/3/2024 9:10:00 AM" 718.80 577.60 111.70 580.90 0.07 34.82 23.50 84.30 0.68 177.70 864.44 0.00
"9/3/2024 9:00:00 AM" 676.10 526.30 111.10 529.20 0.06 31.57 23.50 83.20 0.46 100.00 864.40 0.00
"9/3/2024 8:50:00 AM" 601.00 466.20 115.30 470.00 0.05 28.14 23.15 83.60 0.28 100.60 864.41 0.00
"9/3/2024 8:40:00 AM" 272.60 315.80 135.40 314.80 0.04 22.72 21.87 92.60 0.72 77.37 864.45 0.00
"9/3/2024 8:30:00 AM" 392.90 372.00 160.30 369.40 0.04 22.55 22.68 88.80 0.54 46.66 864.38 0.00
"9/3/2024 8:20:00 AM" 417.80 339.50 132.50 336.90 0.03 20.47 22.01 89.30 0.78 105.40 864.13 0.00
"9/3/2024 8:10:00 AM" 358.70 305.30 134.40 302.00 0.03 18.08 21.61 92.70 0.30 153.40 864.04 0.00
"9/3/2024 8:00:00 AM" 264.60 250.90 126.30 253.30 0.02 15.77 21.04 94.70 1.20 150.70 863.88 0.00
"9/3/2024 7:50:00 AM" 488.70 276.00 103.60 272.30 0.02 14.66 20.47 97.50 1.71 86.10 863.69 0.00
"9/3/2024 7:40:00 AM" 442.40 231.40 93.50 225.30 0.01 12.08 20.11 96.40 1.92 172.30 863.51 0.00
"9/3/2024 7:30:00 AM" 328.70 175.20 83.60 169.50 0.01 9.55 19.82 98.50 2.21 238.80 863.48 0.00
"9/3/2024 7:20:00 AM" 229.80 122.10 66.64 118.40 0.01 7.15 19.77 99.90 2.73 210.80 863.30 0.00
"9/3/2024 7:10:00 AM" 256.90 105.20 56.07 99.80 0.00 5.37 19.77 100.00 3.18 173.90 863.21 0.00
"9/3/2024 7:00:00 AM" 192.10 77.11 46.16 70.15 0.00 3.77 19.73 100.00 1.60 168.80 863.24 0.00
"9/3/2024 6:50:00 AM" 111.80 52.25 36.78 47.81 0.00 2.35 19.55 100.00 0.46 186.70 863.10 0.00
"9/3/2024 6:40:00 AM" 13.11 27.99 23.48 26.89 0.00 1.21 19.41 100.00 0.22 214.80 863.14 0.00
"9/3/2024 6:30:00 AM" 0.01 8.60 7.51 8.01 0.00 0.46 19.37 100.00 0.37 151.70 863.11 0.00
"9/3/2024 6:20:00 AM" 0.00 0.56 0.42 0.25 0.00 0.07 19.29 100.00 0.00 217.70 863.12 0.00
"9/3/2024 6:10:00 AM" 0.00 0.00 0.00 0.00 0.00 0.06 19.35 100.00 0.07 318.90 863.02 0.00
"9/3/2024 6:00:00 AM" 0.00 0.00 0.00 0.00 0.00 0.05 19.35 100.00 0.41 33.95 863.16 0.00
"9/3/2024 5:50:00 AM" 1.71 0.00 0.00 0.00 0.00 0.04 19.31 100.00 0.46 72.38 863.26 0.00
"9/3/2024 5:40:00 AM" 0.38 0.00 0.00 0.00 0.00 0.05 19.13 100.00 0.86 351.50 863.33 0.00
"9/3/2024 5:30:00 AM" 0.00 0.00 0.00 0.00 0.00 0.05 19.08 100.00 1.10 307.40 863.43 0.00
"9/3/2024 5:20:00 AM" 0.00 0.00 0.02 0.00 0.00 0.04 18.98 100.00 1.63 351.20 863.48 0.00
"9/3/2024 5:10:00 AM" 0.00 0.00 0.12 0.00 0.00 0.03 18.87 100.00 2.62 316.60 863.62 0.00
"9/3/2024 5:00:00 AM" 0.00 0.06 0.05 0.00 0.00 0.03 18.76 100.00 0.70 307.30 863.53 0.00
"9/3/2024 4:50:00 AM" 0.00 0.18 0.00 0.02 0.00 0.04 18.73 100.00 1.50 267.30 863.44 0.00
"9/3/2024 4:40:00 AM" 0.00 0.31 0.01 0.04 0.00 0.04 18.77 100.00 2.62 249.40 863.51 0.00
"9/3/2024 4:30:00 AM" 0.00 0.19 0.00 0.07 0.00 0.03 18.97 100.00 2.66 179.20 863.35 0.00
"9/3/2024 4:20:00 AM" 0.00 0.45 0.00 0.09 0.00 0.03 19.25 100.00 3.91 233.70 863.04 0.10
"9/3/2024 4:10:00 AM" 0.00 0.02 0.00 0.02 0.00 0.01 19.48 100.00 1.75 172.00 862.87 0.20
"9/3/2024 4:00:00 AM" 0.02 0.40 0.00 0.06 0.00 0.01 19.66 100.00 2.94 139.70 862.77 0.10
"9/3/2024 3:50:00 AM" 0.00 0.00 0.00 0.00 0.00 0.01 19.84 100.00 0.74 172.70 862.08 0.30
"9/3/2024 3:40:00 AM" 0.02 0.01 0.00 0.00 0.00 0.01 19.98 100.00 0.12 117.40 861.95 0.70
"9/3/2024 3:30:00 AM" 0.00 1.20 0.00 0.00 0.00 0.01 20.42 99.90 1.25 324.50 862.11 2.40
"9/3/2024 3:20:00 AM" 0.04 0.15 0.00 0.00 0.00 0.01 21.25 94.10 0.96 92.50 862.01 0.10
"9/3/2024 3:10:00 AM" 0.06 0.00 0.00 0.00 0.00 0.01 21.33 99.20 0.56 113.30 861.86 0.00
"9/3/2024 3:00:00 AM" 0.10 0.00 0.00 0.00 0.00 0.00 21.25 98.60 0.96 28.12 861.77 0.00
"9/3/2024 2:50:00 AM" 0.02 0.00 0.00 0.00 0.00 0.00 21.32 97.70 1.61 28.42 861.91 0.00
"9/3/2024 2:40:00 AM" 0.00 0.00 0.00 0.00 0.00 0.00 21.75 94.40 1.41 31.40 862.02 0.10
"9/3/2024 2:30:00 AM" 0.02 0.00 0.00 0.00 0.00 0.00 21.86 91.30 0.79 22.51 862.08 0.00
"9/3/2024 2:20:00 AM" 0.05 0.00 0.00 0.00 0.00 0.00 21.66 94.00 0.86 20.52 862.10 0.00
"9/3/2024 2:10:00 AM" 0.04 0.00 0.00 0.00 0.00 0.00 21.68 92.80 1.47 0.15 862.21 0.00
"9/3/2024 2:00:00 AM" 0.04 0.00 0.02 0.02 0.00 0.00 21.80 91.80 1.41 346.60 862.21 0.00
"9/3/2024 1:50:00 AM" 0.08 0.00 0.02 0.04 0.00 0.00 21.79 89.70 0.82 348.90 862.35 0.00
"9/3/2024 1:40:00 AM" 0.04 0.00 0.00 0.00 0.00 0.00 21.68 92.80 1.30 332.50 862.32 0.00
"9/3/2024 1:30:00 AM" 0.05 0.00 0.00 0.00 0.00 0.00 21.74 92.60 0.75 335.80 862.52 0.00
"9/3/2024 1:20:00 AM" 0.04 0.00 0.00 0.00 0.00 0.00 21.73 91.40 1.01 336.40 862.57 0.00
"9/3/2024 1:10:00 AM" 0.01 0.00 0.00 0.00 0.00 0.00 21.73 91.80 0.95 328.40 862.62 0.00
"9/3/2024 1:00:00 AM" 0.02 0.00 0.00 0.00 0.00 0.00 21.92 92.30 0.00 2.56 862.66 0.00
"9/3/2024 12:50:00 AM" 0.04 0.00 0.00 0.00 0.00 0.00 21.89 91.00 0.16 259.50 862.74 0.00
"9/3/2024 12:40:00 AM" 0.03 0.00 0.00 0.00 0.00 0.00 21.81 91.60 0.38 318.00 862.85 0.00
"9/3/2024 12:30:00 AM" 0.02 0.00 0.00 0.00 0.00 0.00 21.79 93.20 1.25 288.40 862.90 0.00
"9/3/2024 12:20:00 AM" 0.06 0.00 0.00 0.00 0.00 0.00 21.99 91.80 1.25 334.90 862.87 0.00
"9/3/2024 12:10:00 AM" 0.12 0.00 0.00 0.00 0.00 0.00 21.94 90.90 1.41 333.40 862.81 0.00
"9/3/2024 12:00:00 AM" 0.04 0.00 0.00 0.00 0.00 0.00 21.75 93.30 1.34 317.20 862.73 0.00
"9/2/2024 11:50:00 PM" 0.01 0.00 0.00 0.00 0.00 0.00 21.81 92.80 0.29 330.70 862.75 0.00
"9/2/2024 11:40:00 PM" 0.00 0.00 0.00 0.00 0.00 0.00 21.72 93.20 0.97 5.09 862.80 0.00
"9/2/2024 11:30:00 PM" 0.00 0.00 0.00 0.00 0.00 0.00 21.79 93.50 1.31 14.74 862.76 0.00
"9/2/2024 11:20:00 PM" 0.01 0.00 0.00 0.00 0.00 0.00 21.93 91.60 1.84 338.10 862.66 0.00
"9/2/2024 11:10:00 PM" 0.00 0.00 0.00 0.00 0.00 0.00 22.04 91.30 1.98 304.40 862.61 0.00
"9/2/2024 11:00:00 PM" 0.01 0.00 0.00 0.00 0.00 0.00 22.10 91.70 1.84 0.15 862.79 0.00
"9/2/2024 10:50:00 PM" 0.00 0.00 0.00 0.00 0.00 0.00 22.15 92.40 1.72 348.80 862.83 0.00
"9/2/2024 10:40:00 PM" 0.00 0.00 0.00 0.00 0.00 0.00 22.38 92.20 1.73 341.40 862.79 0.00
"9/2/2024 10:30:00 PM" 0.01 0.00 0.00 0.00 0.00 0.00 22.88 90.20 1.20 0.15 862.67 0.00
"9/2/2024 10:20:00 PM" 0.10 0.00 0.00 0.00 0.00 0.00 23.08 87.80 0.96 298.70 862.64 0.00
"9/2/2024 10:10:00 PM" 0.05 0.00 0.00 0.00 0.00 0.00 22.78 88.40 0.75 347.60 862.59 0.00
"9/2/2024 10:00:00 PM" 0.03 0.00 0.00 0.00 0.00 0.00 22.48 91.70 1.71 318.50 862.68 0.00
"9/2/2024 9:50:00 PM" 0.00 0.00 0.00 0.00 0.00 0.00 22.50 92.30 2.06 321.80 862.60 0.00
"9/2/2024 9:40:00 PM" 0.01 0.00 0.00 0.00 0.00 0.00 22.83 92.30 1.85 333.00 862.39 0.00
"9/2/2024 9:30:00 PM" 0.00 0.00 0.00 0.00 0.00 0.00 22.75 90.40 1.64 329.90 862.07 0.00
"9/2/2024 9:20:00 PM" 0.14 0.00 0.00 0.00 0.00 0.00 23.03 92.00 1.58 351.50 861.87 0.00
"9/2/2024 9:10:00 PM" 0.21 0.00 0.00 0.00 0.00 0.00 22.99 90.10 1.79 321.60 861.58 0.00
"9/2/2024 9:00:00 PM" 0.20 0.00 0.00 0.00 0.00 0.00 23.17 90.50 1.18 336.20 861.45 0.00
"9/2/2024 8:50:00 PM" 0.09 0.00 0.00 0.00 0.00 0.00 23.23 90.70 0.80 303.50 861.34 0.00
"9/2/2024 8:40:00 PM" 0.00 0.00 0.00 0.00 0.00 0.00 23.15 91.20 1.43 143.40 861.18 0.00
"9/2/2024 8:30:00 PM" 0.00 0.00 0.00 0.00 0.00 0.00 23.44 90.40 1.32 349.40 860.89 0.00
"9/2/2024 8:20:00 PM" 0.00 0.00 0.00 0.00 0.00 0.00 23.60 88.70 1.31 287.00 860.79 0.00
"9/2/2024 8:10:00 PM" 0.05 0.00 0.00 0.00 0.00 0.00 23.68 87.90 1.03 320.50 860.65 0.00
"9/2/2024 8:00:00 PM" 0.01 0.00 0.00 0.00 0.00 0.00 23.44 88.70 1.49 335.50 860.61 0.00
"9/2/2024 7:50:00 PM" 0.00 0.00 0.00 0.00 0.00 0.00 23.55 91.00 1.81 331.90 860.63 0.00
"9/2/2024 7:40:00 PM" 0.00 0.00 0.00 0.00 0.00 0.00 23.86 89.60 1.81 336.60 860.55 0.00
"9/2/2024 7:30:00 PM" 0.00 0.00 0.00 0.00 0.00 0.00 24.72 85.80 0.77 345.30 860.47 0.00
"9/2/2024 7:20:00 PM" 0.00 0.00 0.00 0.00 0.00 0.00 24.65 82.60 1.13 311.40 860.26 0.00
"9/2/2024 7:10:00 PM" 0.00 0.00 0.00 0.00 0.00 0.02 25.54 85.00 0.30 335.90 860.05 0.00
"9/2/2024 7:00:00 PM" 0.00 0.00 0.00 0.00 0.00 0.14 25.54 77.85 0.42 333.20 860.04 0.00
"9/2/2024 6:50:00 PM" 0.00 4.49 3.28 3.52 0.00 0.55 26.19 79.44 0.89 351.50 859.90 0.00
"9/2/2024 6:40:00 PM" 0.01 17.65 14.23 16.26 0.00 1.28 26.46 71.72 1.38 149.90 859.77 0.00
"9/2/2024 6:30:00 PM" 0.00 28.71 23.35 26.34 0.00 2.22 26.68 72.11 1.12 244.10 859.81 0.00
"9/2/2024 6:20:00 PM" 0.03 39.58 32.55 35.86 0.00 3.28 26.88 69.07 1.22 227.00 859.55 0.00
"9/2/2024 6:10:00 PM" 2.10 50.91 40.88 44.96 0.00 4.43 27.02 70.10 1.46 231.00 859.38 0.00
"9/2/2024 6:00:00 PM" 44.41 72.14 48.38 61.07 0.01 5.70 27.44 69.44 1.86 189.00 859.46 0.00
"9/2/2024 5:50:00 PM" 105.30 99.90 54.60 82.90 0.01 7.20 28.20 67.06 2.12 175.30 859.59 0.00
"9/2/2024 5:40:00 PM" 290.70 180.20 69.10 150.50 0.01 10.08 28.81 64.51 1.27 248.50 859.66 0.00
"9/2/2024 5:30:00 PM" 582.50 319.30 89.60 269.50 0.02 14.75 29.19 62.11 1.24 189.70 859.58 0.00
"9/2/2024 5:20:00 PM" 669.50 391.10 101.50 336.40 0.02 17.95 29.06 62.68 1.43 233.30 859.37 0.00
"9/2/2024 5:10:00 PM" 372.40 288.80 102.20 250.90 0.02 16.89 29.05 61.56 0.65 143.50 859.25 0.00
"9/2/2024 5:00:00 PM" 436.00 356.50 116.90 316.00 0.03 19.92 29.07 61.77 1.67 155.00 859.27 0.00
"9/2/2024 4:50:00 PM" 627.20 484.40 126.90 432.90 0.04 24.25 28.52 63.42 1.97 157.80 859.44 0.00
"9/2/2024 4:40:00 PM" 263.90 298.20 115.40 266.10 0.03 18.79 27.52 66.07 2.06 190.00 859.41 0.00
"9/2/2024 4:30:00 PM" 63.69 172.70 102.10 153.40 0.03 14.83 27.36 66.54 2.24 191.20 859.39 0.00
"9/2/2024 4:20:00 PM" 59.88 164.90 96.70 146.50 0.03 15.07 27.57 66.65 2.08 207.00 859.42 0.00
"9/2/2024 4:10:00 PM" 40.67 156.40 94.40 137.50 0.04 15.70 28.05 65.75 2.59 187.60 859.47 0.00
"9/2/2024 4:00:00 PM" 355.30 394.00 106.60 362.50 0.06 26.39 28.67 62.94 2.58 1.58 859.49 0.00
"9/2/2024 3:50:00 PM" 738.30 696.10 129.50 646.80 0.09 40.48 29.00 63.14 3.10 1.55 859.53 0.00
"9/2/2024 3:40:00 PM" 826.00 786.30 132.50 734.70 0.11 45.55 28.73 63.61 2.42 1.56 859.67 0.00
"9/2/2024 3:30:00 PM" 837.00 799.50 126.30 752.90 0.12 47.72 28.91 60.57 1.53 1.58 859.70 0.00
"9/2/2024 3:20:00 PM" 799.20 809.00 133.10 768.50 0.13 49.07 28.43 64.09 2.75 1.55 859.76 0.00
"9/2/2024 3:10:00 PM" 736.30 803.00 142.80 756.40 0.14 49.93 28.96 62.31 2.08 1.55 859.97 0.00
"9/2/2024 3:00:00 PM" 723.30 832.00 162.10 794.60 0.15 51.88 28.22 64.11 2.61 1.60 860.24 0.00
"9/2/2024 2:50:00 PM" 748.40 900.00 176.70 863.00 0.16 54.88 28.19 66.05 2.95 1.58 860.64 0.00
"9/2/2024 2:40:00 PM" 855.00 954.00 143.60 919.00 0.17 58.87 28.32 64.69 2.27 1.58 860.83 0.00
"9/2/2024 2:30:00 PM" 866.00 945.00 119.00 917.00 0.18 59.72 27.48 63.59 1.60 1.58 860.99 0.00
"9/2/2024 2:20:00 PM" 871.00 980.00 130.40 949.00 0.19 61.88 27.07 67.89 2.78 1.58 861.21 0.00
"9/2/2024 2:10:00 PM" 522.10 732.20 180.90 700.90 0.17 51.14 28.22 66.89 2.77 1.57 861.38 0.00
"9/2/2024 2:00:00 PM" 831.00 1104.00 238.00 1067.00 0.21 66.94 27.44 66.98 3.04 1.54 861.69 0.00
"9/2/2024 1:50:00 PM" 457.40 780.40 252.40 757.20 0.18 53.00 28.65 65.46 2.58 1.51 861.91 0.00
"9/2/2024 1:40:00 PM" 744.60 1025.00 230.90 990.00 0.22 65.32 28.31 62.45 2.84 1.58 862.13 0.00
"9/2/2024 1:30:00 PM" 828.00 1123.00 239.70 1082.00 0.23 69.40 28.27 64.99 2.13 1.59 862.34 0.00
"9/2/2024 1:20:00 PM" 811.00 1118.00 232.70 1086.00 0.23 69.57 27.92 65.03 2.31 1.61 862.50 0.00
"9/2/2024 1:10:00 PM" 615.60 975.00 264.90 944.00 0.21 62.31 27.18 67.64 1.70 1.58 862.73 0.00
"9/2/2024 1:00:00 PM" 803.00 1134.00 238.50 1107.00 0.24 69.93 26.98 68.86 1.57 1.59 862.98 0.00
"9/2/2024 12:50:00 PM" 663.70 974.00 219.20 942.00 0.22 64.37 27.39 69.32 2.50 1.55 863.23 0.00
"9/2/2024 12:40:00 PM" 851.00 1110.00 201.10 1079.00 0.24 70.85 27.00 67.75 1.22 1.59 863.52 0.00
"9/2/2024 12:30:00 PM" 843.00 1114.00 202.60 1088.00 0.24 70.87 26.75 69.52 1.68 1.59 863.83 0.00
"9/2/2024 12:20:00 PM" 858.00 1118.00 197.20 1096.00 0.24 71.43 26.66 67.84 1.54 1.58 864.03 0.00
"9/2/2024 12:10:00 PM" 849.00 1112.00 213.90 1084.00 0.24 71.10 26.91 70.67 1.66 1.57 864.22 0.00
"9/2/2024 12:00:00 PM" 825.00 1122.00 236.30 1091.00 0.24 70.28 27.04 70.71 1.78 1.55 864.32 0.00
"9/2/2024 11:50:00 AM" 703.40 1033.00 245.30 1017.00 0.22 65.30 26.21 72.86 0.49 1.55 864.49 0.00
"9/2/2024 11:40:00 AM" 545.90 835.00 215.80 812.00 0.20 57.37 25.53 77.76 1.63 1.57 864.75 0.00
"9/2/2024 11:30:00 AM" 811.00 1079.00 245.60 1076.00 0.22 67.39 26.04 74.51 1.28 1.57 864.92 0.00
"9/2/2024 11:20:00 AM" 542.20 858.00 278.20 849.00 0.19 57.21 25.28 79.56 1.52 1.56 865.02 0.00
"9/2/2024 11:10:00 AM" 615.70 1030.00 357.60 1021.00 0.20 61.93 25.20 75.44 1.20 1.55 865.08 0.00
"9/2/2024 11:00:00 AM" 157.70 614.00 379.20 593.30 0.14 43.32 24.23 80.60 1.29 1.57 865.23 0.00
"9/2/2024 10:50:00 AM" 155.50 557.40 342.00 525.30 0.12 38.01 24.51 81.20 1.67 1.56 865.34 0.00
"9/2/2024 10:40:00 AM" 63.49 414.50 305.60 393.10 0.09 29.48 25.12 81.20 1.26 1.56 865.36 0.00
"9/2/2024 10:30:00 AM" 284.20 706.90 365.90 704.30 0.13 44.60 24.33 79.99 0.60 1.58 865.27 0.00
"9/2/2024 10:20:00 AM" 61.87 510.30 371.90 495.90 0.10 35.62 23.35 86.60 1.12 181.00 865.26 0.00
"9/2/2024 10:10:00 AM" 14.24 428.00 344.10 428.60 0.09 31.79 23.07 89.20 1.18 230.70 865.25 0.00
"9/2/2024 10:00:00 AM" 360.90 651.70 306.60 650.50 0.11 40.38 23.56 88.30 1.26 265.40 865.26 0.00
"9/2/2024 9:50:00 AM" 185.70 541.00 315.20 536.80 0.09 35.85 22.68 91.50 0.83 225.50 865.30 0.00
"9/2/2024 9:40:00 AM" 18.55 277.10 218.80 273.70 0.06 23.56 22.34 93.30 0.48 249.60 865.31 0.00
"9/2/2024 9:30:00 AM" 7.37 297.20 253.90 282.50 0.06 24.52 22.19 93.20 0.25 259.50 865.39 0.00
"9/2/2024 9:20:00 AM" 32.00 410.50 310.70 408.00 0.06 27.27 22.70 93.70 0.00 251.20 865.37 0.00
"9/2/2024 9:10:00 AM" 0.79 299.80 247.80 312.50 0.04 20.12 22.09 97.60 0.00 291.70 865.34 0.00
"9/2/2024 9:00:00 AM" 0.00 203.60 175.70 210.60 0.03 14.25 21.85 98.90 0.00 175.20 865.31 0.00
"9/2/2024 8:50:00 AM" 0.00 155.50 135.00 158.80 0.02 11.04 21.55 100.00 0.00 143.40 865.16 0.00
"9/2/2024 8:40:00 AM" 0.00 115.20 99.30 115.50 0.02 8.48 21.25 100.00 0.00 156.70 865.12 0.00
"9/2/2024 8:30:00 AM" 0.00 102.00 87.60 99.90 0.01 7.59 21.14 100.00 0.00 122.90 865.04 0.00
"9/2/2024 8:20:00 AM" 0.00 92.10 77.75 88.60 0.01 6.90 21.03 100.00 0.00 158.90 864.94 0.00
"9/2/2024 8:10:00 AM" 0.00 88.20 74.83 85.70 0.01 6.47 20.94 100.00 0.37 159.70 864.70 0.00
"9/2/2024 8:00:00 AM" 0.00 82.50 69.36 78.51 0.01 6.04 20.86 100.00 0.22 173.10 864.54 0.00
"9/2/2024 7:50:00 AM" 0.00 87.10 72.23 83.50 0.01 6.40 20.73 100.00 0.00 136.90 864.36 0.00
"9/2/2024 7:40:00 AM" 0.00 84.50 70.70 81.10 0.01 6.06 20.51 100.00 0.00 104.90 864.15 0.00
"9/2/2024 7:30:00 AM" 0.00 62.29 52.16 61.82 0.01 4.65 20.36 100.00 0.20 67.18 863.97 0.00
"9/2/2024 7:20:00 AM" 0.00 62.05 52.73 61.57 0.00 4.42 20.24 100.00 0.68 61.04 863.74 0.00
"9/2/2024 7:10:00 AM" 0.00 45.80 39.48 44.21 0.00 3.03 20.21 100.00 0.25 26.43 863.69 0.00
"9/2/2024 7:00:00 AM" 0.00 33.22 28.42 30.43 0.00 2.28 20.10 100.00 0.00 58.38 863.47 0.00
"9/2/2024 6:50:00 AM" 0.00 20.38 16.88 18.79 0.00 1.33 20.05 100.00 0.01 52.60 863.28 0.00
"9/2/2024 6:40:00 AM" 0.00 6.99 5.62 6.43 0.00 0.43 20.12 100.00 0.61 142.80 863.18 0.00
"9/2/2024 6:30:00 AM" 0.00 2.10 1.71 1.96 0.00 0.13 20.29 100.00 0.56 139.00 863.12 0.00
"9/2/2024 6:20:00 AM" 0.00 0.34 0.22 0.19 0.00 0.09 20.38 100.00 0.00 119.50 862.88 0.00
"9/2/2024 6:10:00 AM" 0.00 0.01 0.02 0.07 0.00 0.04 20.38 100.00 0.02 196.80 862.67 0.00
"9/2/2024 6:00:00 AM" 0.00 0.00 0.00 0.00 0.00 0.06 20.35 100.00 0.19 248.40 862.48 0.00
"9/2/2024 5:50:00 AM" 0.00 0.00 0.00 0.00 0.00 0.04 20.35 100.00 0.45 167.10 862.38 0.00
"9/2/2024 5:40:00 AM" 0.00 0.00 0.00 0.00 0.00 0.06 20.37 100.00 1.45 190.00 862.29 0.00
"9/2/2024 5:30:00 AM" 0.00 0.02 0.00 0.00 0.00 0.08 20.40 100.00 0.88 164.30 862.28 0.00
"9/2/2024 5:20:00 AM" 0.00 0.01 0.00 0.00 0.00 0.04 20.40 100.00 1.02 206.80 862.28 0.00
"9/2/2024 5:10:00 AM" 0.00 0.00 0.00 0.00 0.00 0.07 20.38 100.00 1.09 270.70 862.19 0.00
"9/2/2024 5:00:00 AM" 0.16 0.00 0.00 0.00 0.00 0.04 20.37 100.00 1.91 218.60 862.05 0.00
"9/2/2024 4:50:00 AM" 0.32 0.02 0.00 0.00 0.00 0.06 20.44 100.00 1.75 234.80 861.98 0.00
"9/2/2024 4:40:00 AM" 0.27 0.19 0.00 0.00 0.00 0.05 20.53 100.00 2.13 243.80 861.97 0.00
"9/2/2024 4:30:00 AM" 0.25 0.00 0.00 0.00 0.00 0.04 20.66 100.00 1.56 273.20 861.89 0.00
"9/2/2024 4:20:00 AM" 0.35 0.00 0.00 0.00 0.00 0.03 20.67 100.00 2.02 161.40 861.77 0.00
"9/2/2024 4:10:00 AM" 0.34 0.00 0.00 0.00 0.00 0.02 20.63 100.00 0.95 62.28 861.52 0.00
"9/2/2024 4:00:00 AM" 0.09 0.00 0.00 0.00 0.00 0.02 20.61 100.00 0.00 0.00 861.40 0.00
"9/2/2024 3:50:00 AM" 0.00 0.00 0.00 0.00 0.00 0.01 20.70 100.00 0.07 0.00 861.40 0.00
"9/2/2024 3:40:00 AM" 0.00 0.00 0.00 0.00 0.00 0.02 20.78 100.00 0.00 82.40 861.47 0.00
"9/2/2024 3:30:00 AM" 0.00 0.00 0.00 0.00 0.00 0.01 20.78 100.00 0.00 120.50 861.55 0.00
"9/2/2024 3:20:00 AM" 0.00 0.00 0.00 0.00 0.00 0.01 20.86 100.00 0.04 160.00 861.56 0.00
"9/2/2024 3:10:00 AM" 0.00 0.00 0.00 0.00 0.00 0.02 20.88 100.00 0.22 0.00 861.72 0.10
"9/2/2024 3:00:00 AM" 0.00 0.00 0.00 0.00 0.00 0.01 20.96 100.00 0.20 0.00 861.91 0.00
"9/2/2024 2:50:00 AM" 0.00 0.00 0.00 0.00 0.00 0.02 20.97 100.00 0.42 25.61 862.01 0.00
"9/2/2024 2:40:00 AM" 0.00 0.00 0.00 0.00 0.00 0.02 20.96 100.00 0.64 31.83 862.12 0.00
"9/2/2024 2:30:00 AM" 0.00 0.01 0.00 0.00 0.00 0.01 20.94 100.00 0.97 20.02 862.13 0.10
"9/2/2024 2:20:00 AM" 0.00 0.01 0.00 0.00 0.00 0.02 20.98 100.00 0.84 0.00 862.28 0.00
"9/2/2024 2:10:00 AM" 0.00 0.00 0.00 0.00 0.00 0.01 21.00 100.00 1.12 0.00 862.38 0.00
"9/2/2024 2:00:00 AM" 0.00 0.00 0.00 0.00 0.00 0.01 21.00 100.00 0.83 0.00 862.41 0.10
"9/2/2024 1:50:00 AM" 0.00 0.00 0.00 0.00 0.00 0.01 21.06 100.00 0.62 25.80 862.46 0.20
"9/2/2024 1:40:00 AM" 0.01 0.00 0.00 0.00 0.00 0.01 21.18 100.00 0.60 27.16 862.50 0.90
"9/2/2024 1:30:00 AM" 0.03 0.00 0.00 0.00 0.00 0.00 21.27 100.00 1.17 65.10 862.57 0.30
"9/2/2024 1:20:00 AM" 0.06 0.00 0.00 0.00 0.00 0.01 21.28 99.80 0.82 350.80 862.63 0.00
"9/2/2024 1:10:00 AM" 0.12 0.00 0.00 0.00 0.00 0.00 21.09 100.00 0.34 33.33 862.65 0.30
"9/2/2024 1:00:00 AM" 0.02 0.00 0.00 0.00 0.00 0.00 20.94 99.40 0.93 3.95 862.54 0.10
"9/2/2024 12:50:00 AM" 0.00 0.00 0.00 0.00 0.00 0.00 21.04 97.50 1.88 338.50 862.52 0.00
"9/2/2024 12:40:00 AM" 0.01 0.00 0.00 0.00 0.00 0.00 21.19 96.40 1.59 339.30 862.51 0.00
"9/2/2024 12:30:00 AM" 0.01 0.00 0.00 0.00 0.00 0.00 21.21 95.80 1.46 331.50 862.57 0.00
"9/2/2024 12:20:00 AM" 0.02 0.00 0.00 0.00 0.00 0.00 21.33 95.90 1.14 342.30 862.55 0.00
"9/2/2024 12:10:00 AM" 0.02 0.00 0.00 0.00 0.00 0.00 21.12 95.70 0.50 320.60 862.61 0.00
"9/2/2024 12:00:00 AM" 0.02 0.00 0.00 0.00 0.00 0.00 21.26 96.40 0.41 344.80 862.61 0.00
"9/1/2024 11:50:00 PM" 0.01 0.00 0.00 0.00 0.00 0.00 21.32 96.20 0.00 326.40 862.57 0.00
"9/1/2024 11:40:00 PM" 0.01 0.00 0.00 0.00 0.00 0.00 21.54 95.30 0.27 326.20 862.49 0.00
"9/1/2024 11:30:00 PM" 0.01 0.00 0.00 0.00 0.00 0.00 21.36 95.20 1.44 314.00 862.56 0.00
"9/1/2024 11:20:00 PM" 0.06 0.00 0.00 0.00 0.00 0.00 21.54 95.10 1.42 351.10 862.72 0.00
"9/1/2024 11:10:00 PM" 0.02 0.00 0.00 0.00 0.00 0.00 21.31 94.90 1.60 334.50 862.83 0.00
"9/1/2024 11:00:00 PM" 0.01 0.00 0.00 0.00 0.00 0.00 21.32 95.20 1.96 343.40 862.80 0.00
"9/1/2024 10:50:00 PM" 0.05 0.00 0.00 0.00 0.00 0.00 21.36 94.00 2.28 328.20 862.84 0.00
"9/1/2024 10:40:00 PM" 0.01 0.00 0.00 0.00 0.00 0.00 21.37 95.20 2.13 339.30 862.79 0.00
"9/1/2024 10:30:00 PM" 0.02 0.00 0.00 0.00 0.00 0.00 21.76 94.10 0.90 339.90 862.65 0.00
"9/1/2024 10:20:00 PM" 0.00 0.00 0.00 0.00 0.00 0.00 21.56 94.30 1.71 291.70 862.54 0.00
"9/1/2024 10:10:00 PM" 0.02 0.00 0.00 0.00 0.00 0.00 21.70 94.80 2.02 314.00 862.46 0.00
"9/1/2024 10:00:00 PM" 0.05 0.00 0.00 0.00 0.00 0.00 21.83 93.50 2.47 297.20 862.29 0.00
"9/1/2024 9:50:00 PM" 0.04 0.00 0.00 0.00 0.00 0.00 21.76 94.10 2.59 284.00 862.18 0.00
"9/1/2024 9:40:00 PM" 0.02 0.00 0.00 0.00 0.00 0.00 21.81 95.20 0.99 259.90 862.06 0.00
"9/1/2024 9:30:00 PM" 0.00 0.00 0.00 0.00 0.00 0.00 21.97 96.70 0.13 178.90 861.95 0.00
"9/1/2024 9:20:00 PM" 0.06 0.00 0.00 0.00 0.00 0.00 22.08 94.70 1.45 341.00 861.70 0.00
"9/1/2024 9:10:00 PM" 0.08 0.00 0.00 0.00 0.00 0.00 21.94 95.10 1.62 0.15 861.39 0.00
"9/1/2024 9:00:00 PM" 0.00 0.00 0.00 0.00 0.00 0.00 21.73 95.80 2.24 10.86 861.32 0.00
"9/1/2024 8:50:00 PM" 0.01 0.00 0.00 0.00 0.00 0.00 22.11 96.10 1.66 344.70 861.24 0.00
"9/1/2024 8:40:00 PM" 0.00 0.00 0.00 0.00 0.00 0.00 22.06 95.40 1.60 329.70 861.24 0.00
"9/1/2024 8:30:00 PM" 0.00 0.00 0.00 0.00 0.00 0.00 22.43 94.90 1.51 341.40 861.02 0.00
"9/1/2024 8:20:00 PM" 0.00 0.00 0.00 0.00 0.00 0.00 22.64 93.30 1.25 337.30 860.73 0.00
"9/1/2024 8:10:00 PM" 0.02 0.00 0.00 0.00 0.00 0.00 22.78 92.00 1.14 336.80 860.68 0.00
"9/1/2024 8:00:00 PM" 0.00 0.00 0.00 0.00 0.00 0.00 22.86 93.20 0.96 340.10 860.48 0.00
"9/1/2024 7:50:00 PM" 0.00 0.00 0.00 0.00 0.00 0.00 22.94 92.80 0.00 157.50 860.28 0.00
"9/1/2024 7:40:00 PM" 0.00 0.00 0.00 0.00 0.00 0.00 23.21 92.60 0.15 320.90 860.18 0.00
"9/1/2024 7:30:00 PM" 0.00 0.00 0.00 0.00 0.00 0.00 23.25 87.60 0.23 151.00 860.24 0.00
"9/1/2024 7:20:00 PM" 0.00 0.00 0.00 0.00 0.00 0.00 23.53 91.20 0.00 86.00 860.24 0.00
"9/1/2024 7:10:00 PM" 0.00 0.00 0.00 0.00 0.00 0.02 23.78 88.20 0.19 20.05 860.17 0.00
"9/1/2024 7:00:00 PM" 0.00 0.00 0.00 0.00 0.00 0.15 24.12 86.30 0.06 0.15 859.88 0.00
"9/1/2024 6:50:00 PM" 0.00 2.52 1.56 1.47 0.00 0.58 24.71 81.60 0.45 215.80 859.68 0.00
"9/1/2024 6:40:00 PM" 0.00 8.27 6.22 7.06 0.00 1.22 25.02 77.59 1.43 259.80 859.48 0.00
"9/1/2024 6:30:00 PM" 0.00 13.16 10.09 12.16 0.00 2.00 25.01 75.68 1.51 268.70 859.50 0.00
"9/1/2024 6:20:00 PM" 1.70 19.15 14.97 18.21 0.00 2.94 25.00 76.06 0.21 280.80 859.61 0.00
"9/1/2024 6:10:00 PM" 35.55 38.07 24.18 32.87 0.00 4.20 25.16 76.64 0.31 309.10 859.61 0.00
"9/1/2024 6:00:00 PM" 99.90 69.75 35.49 57.99 0.01 5.89 25.57 77.38 0.78 183.80 859.43 0.00
"9/1/2024 5:50:00 PM" 178.20 118.60 54.49 98.20 0.01 8.22 25.94 74.14 0.38 252.40 859.33 0.00
"9/1/2024 5:40:00 PM" 398.00 219.70 73.43 181.30 0.01 11.24 26.15 71.10 1.28 291.00 859.41 0.00
"9/1/2024 5:30:00 PM" 469.60 267.60 80.10 223.50 0.02 13.80 26.62 71.50 0.94 290.30 859.36 0.00
"9/1/2024 5:20:00 PM" 528.20 317.30 86.80 269.40 0.02 16.49 26.97 69.25 1.16 274.80 859.33 0.00
"9/1/2024 5:10:00 PM" 540.60 351.90 93.80 304.70 0.03 18.84 27.06 70.17 0.91 117.50 859.43 0.00
"9/1/2024 5:00:00 PM" 583.10 402.20 101.00 354.10 0.03 21.56 26.74 70.26 1.50 200.60 859.39 0.00
"9/1/2024 4:50:00 PM" 613.10 457.70 113.40 408.00 0.04 24.55 26.45 71.22 1.76 158.30 859.42 0.00
"9/1/2024 4:40:00 PM" 634.90 499.10 117.70 449.10 0.05 27.33 26.55 70.92 2.80 174.40 859.47 0.00
"9/1/2024 4:30:00 PM" 641.90 531.60 122.20 483.80 0.06 29.86 26.36 73.13 2.52 174.80 859.58 0.00
"9/1/2024 4:20:00 PM" 674.40 580.80 126.20 534.80 0.07 33.10 26.33 72.65 2.45 280.20 859.81 0.00
"9/1/2024 4:10:00 PM" 694.10 632.00 137.70 585.20 0.07 36.37 25.90 72.09 2.84 208.30 860.19 0.00
"9/1/2024 4:00:00 PM" 696.00 667.70 148.70 621.50 0.08 38.08 26.16 71.65 3.76 232.30 860.43 0.00
"9/1/2024 3:50:00 PM" 705.60 731.20 175.60 686.10 0.09 41.02 26.61 71.20 3.24 204.60 860.56 0.00
"9/1/2024 3:40:00 PM" 678.90 727.00 208.70 732.70 0.10 43.52 26.18 71.33 3.46 156.80 860.62 0.00
"9/1/2024 3:30:00 PM" 71.10 229.00 194.20 306.80 0.08 29.62 25.74 74.86 2.73 169.30 860.75 0.00
"9/1/2024 3:20:00 PM" 664.30 787.40 186.50 747.40 0.12 47.60 25.95 74.26 3.45 108.20 860.76 0.00
"9/1/2024 3:10:00 PM" 780.20 888.00 187.10 854.00 0.14 52.43 25.78 71.72 2.54 137.70 860.96 0.00
"9/1/2024 3:00:00 PM" 502.00 739.70 237.30 707.40 0.13 46.90 25.31 75.00 3.72 236.90 861.11 0.00
"9/1/2024 2:50:00 PM" 6823.00 757.20 221.70 722.60 0.15 49.71 25.38 75.89 3.16 121.30 861.40 0.00
"9/1/2024 2:40:00 PM" 1589.00 576.40 205.90 547.90 0.13 42.49 25.54 73.92 3.21 210.50 861.53 0.00
"9/1/2024 2:30:00 PM" 390.60 637.10 200.20 629.50 0.15 46.93 26.06 74.16 2.73 1.54 861.68 0.00
"9/1/2024 2:20:00 PM" 857.00 1049.00 204.50 1010.00 0.20 65.48 26.40 73.23 1.99 1.54 861.84 0.00
"9/1/2024 2:10:00 PM" 844.00 1093.00 238.30 1061.00 0.21 67.80 25.56 74.14 2.72 225.20 861.99 0.00
"9/1/2024 2:00:00 PM" 406.10 716.20 240.20 708.00 0.17 51.19 25.29 75.25 3.05 246.70 862.18 0.00
"9/1/2024 1:50:00 PM" 213.80 536.50 237.10 530.40 0.15 43.11 25.41 73.11 2.69 1.52 862.35 0.00
"9/1/2024 1:40:00 PM" 315.30 624.60 216.20 620.30 0.17 48.66 25.53 75.45 2.87 1.52 862.47 0.00
"9/1/2024 1:30:00 PM" 807.00 1110.00 232.20 1093.00 0.24 70.31 25.20 75.02 2.82 1.57 862.68 0.00
"9/1/2024 1:20:00 PM" 632.40 983.00 270.80 946.00 0.22 64.06 25.84 75.79 2.56 1.51 862.83 0.00
"9/1/2024 1:10:00 PM" 882.00 1168.00 217.90 1136.00 0.25 74.15 25.50 73.75 2.77 1.52 862.95 0.00
"9/1/2024 1:00:00 PM" 837.00 1152.00 240.40 1114.00 0.25 73.34 25.24 74.03 2.31 158.90 863.17 0.00
"9/1/2024 12:50:00 PM" 633.90 1011.00 262.20 996.00 0.23 65.96 24.79 75.76 2.39 149.50 863.27 0.00
"9/1/2024 12:40:00 PM" 297.50 669.80 268.00 659.60 0.18 49.77 24.35 80.40 1.50 127.80 863.60 0.00
"9/1/2024 12:30:00 PM" 53.79 418.60 277.60 408.80 0.15 37.77 23.98 80.10 0.39 231.00 863.85 0.00
"9/1/2024 12:20:00 PM" 453.00 758.50 237.60 742.60 0.19 53.44 24.44 78.47 1.79 232.50 864.10 0.00
"9/1/2024 12:10:00 PM" 723.40 1075.00 273.50 1064.00 0.24 70.25 24.24 79.09 2.05 181.30 864.27 0.00
"9/1/2024 12:00:00 PM" 505.80 866.00 276.70 866.00 0.20 58.90 23.87 79.98 1.76 223.70 864.43 0.00
"9/1/2024 11:50:00 AM" 305.30 708.30 308.10 697.70 0.17 49.37 23.20 82.70 2.10 187.50 864.67 0.00
"9/1/2024 11:40:00 AM" 411.90 703.30 234.50 706.50 0.18 50.39 23.68 83.60 2.21 185.10 864.91 0.00
"9/1/2024 11:30:00 AM" 360.80 634.60 236.80 639.50 0.17 48.13 23.62 81.90 2.02 147.20 865.16 0.00
"9/1/2024 11:20:00 AM" 729.90 979.00 216.60 984.00 0.21 64.47 23.57 81.10 2.40 148.20 865.36 0.00
"9/1/2024 11:10:00 AM" 840.00 1008.00 183.70 1008.00 0.21 65.68 23.58 80.00 2.73 213.50 865.31 0.00
"9/1/2024 11:00:00 AM" 761.60 1068.00 287.50 1061.00 0.20 64.92 23.27 82.30 2.64 156.10 865.30 0.00
"9/1/2024 10:50:00 AM" 125.40 394.10 238.60 388.60 0.11 33.15 22.91 84.10 2.41 155.00 865.42 0.00
"9/1/2024 10:40:00 AM" 631.40 870.00 262.70 851.00 0.17 56.00 22.88 84.70 2.59 181.10 865.39 0.00
"9/1/2024 10:30:00 AM" 356.40 695.60 307.40 679.60 0.13 45.40 22.62 84.80 2.87 161.00 865.42 0.00
"9/1/2024 10:20:00 AM" 314.20 652.70 296.10 637.40 0.13 43.71 22.42 86.10 1.32 182.90 865.37 0.00
"9/1/2024 10:10:00 AM" 155.80 500.70 295.00 481.50 0.10 36.17 22.36 88.40 0.91 184.80 865.41 0.00
"9/1/2024 10:00:00 AM" 291.90 600.20 303.40 585.30 0.11 40.31 23.29 86.40 0.85 215.90 865.54 0.00
"9/1/2024 9:50:00 AM" 635.50 812.00 272.10 798.70 0.12 47.01 23.38 83.90 0.53 221.00 865.53 0.00
"9/1/2024 9:40:00 AM" 12.67 322.60 248.00 315.30 0.07 26.11 23.15 88.90 0.08 67.25 865.48 0.00
"9/1/2024 9:30:00 AM" 525.50 740.70 297.70 721.20 0.09 41.34 23.59 83.20 0.08 145.90 865.46 0.00
"9/1/2024 9:20:00 AM" 436.80 650.40 290.70 636.80 0.08 37.50 22.84 85.00 0.00 318.80 865.59 0.00
"9/1/2024 9:10:00 AM" 481.70 641.00 267.50 636.00 0.07 35.55 22.41 87.50 0.04 64.32 865.61 0.00
"9/1/2024 9:00:00 AM" 48.50 290.70 216.00 284.70 0.05 23.47 22.34 92.50 0.00 107.50 865.53 0.00
"9/1/2024 8:50:00 AM" 474.20 477.80 164.30 473.00 0.06 29.99 22.42 91.20 0.00 75.27 865.46 0.00
"9/1/2024 8:40:00 AM" 562.00 472.40 119.00 472.80 0.05 28.41 21.61 94.80 0.00 133.00 865.27 0.00
"9/1/2024 8:30:00 AM" 502.90 435.80 124.10 441.00 0.04 25.55 20.89 98.00 0.06 77.04 865.22 0.00
"9/1/2024 8:20:00 AM" 109.90 257.70 157.40 264.00 0.03 17.84 20.07 100.00 0.04 95.00 865.23 0.00
"9/1/2024 8:10:00 AM" 0.33 153.10 127.10 153.90 0.02 13.36 19.68 100.00 0.00 144.20 865.20 0.00
"9/1/2024 8:00:00 AM" 0.00 146.20 119.40 144.70 0.02 12.15 19.56 100.00 0.43 133.60 865.21 0.00
"9/1/2024 7:50:00 AM" 0.12 133.60 110.90 128.20 0.01 10.79 19.51 100.00 0.03 150.80 865.22 0.00
"9/1/2024 7:40:00 AM" 18.60 168.00 127.60 165.80 0.01 11.49 19.41 100.00 0.00 115.80 865.19 0.00
"9/1/2024 7:30:00 AM" 3.72 138.60 111.30 132.70 0.01 9.55 19.09 100.00 0.00 89.00 865.07 0.00
"9/1/2024 7:20:00 AM" 12.09 85.20 72.68 81.00 0.01 5.26 18.89 100.00 0.03 10.91 864.97 0.00
"9/1/2024 7:10:00 AM" 12.02 55.56 47.29 53.56 0.00 3.27 18.77 100.00 0.00 323.10 864.97 0.00
"9/1/2024 7:00:00 AM" 11.78 41.92 35.67 41.37 0.00 2.22 18.70 100.00 0.00 321.50 864.94 0.00
"9/1/2024 6:50:00 AM" 11.81 20.19 17.18 19.78 0.00 1.14 18.63 100.00 0.00 17.74 864.96 0.00
"9/1/2024 6:40:00 AM" 11.29 5.51 4.81 5.53 0.00 0.37 18.54 100.00 0.00 23.54 865.00 0.00
"9/1/2024 6:30:00 AM" 11.74 1.46 1.21 1.37 0.00 0.16 18.48 100.00 0.00 154.70 864.98 0.00
"9/1/2024 6:20:00 AM" 11.20 0.34 0.19 0.20 0.00 0.09 18.46 100.00 0.00 220.70 864.98 0.00
"9/1/2024 6:10:00 AM" 11.03 0.12 0.12 0.11 0.00 0.03 18.48 100.00 0.00 199.50 864.94 0.00
"9/1/2024 6:00:00 AM" 10.96 0.05 0.08 0.09 0.00 0.05 18.46 100.00 0.09 173.40 864.76 0.00
"9/1/2024 5:50:00 AM" 10.98 0.35 0.02 0.10 0.00 0.08 18.46 100.00 1.62 221.60 864.67 0.00
"9/1/2024 5:40:00 AM" 10.68 0.29 0.01 0.10 0.00 0.06 18.57 100.00 1.15 213.10 864.55 0.00
"9/1/2024 5:30:00 AM" 10.54 0.11 0.00 0.01 0.00 0.07 18.68 100.00 0.78 215.20 864.40 0.00
"9/1/2024 5:20:00 AM" 9.73 0.09 0.00 0.00 0.00 0.05 18.80 100.00 1.07 183.00 864.34 0.00
"9/1/2024 5:10:00 AM" 8.77 0.00 0.00 0.00 0.00 0.07 18.92 100.00 1.20 226.90 864.23 0.00
"9/1/2024 5:00:00 AM" 7.30 0.00 0.00 0.00 0.00 0.04 18.95 100.00 0.00 187.90 864.23 0.00
"9/1/2024 4:50:00 AM" 6.84 0.00 0.00 0.00 0.00 0.01 18.95 100.00 0.00 167.30 864.15 0.00
"9/1/2024 4:40:00 AM" 0.32 0.00 0.00 0.00 0.00 0.02 18.97 100.00 0.00 127.90 864.08 0.00
"9/1/2024 4:30:00 AM" 0.00 0.00 0.00 0.00 0.00 0.03 18.93 100.00 0.00 116.10 863.97 0.00
"9/1/2024 4:20:00 AM" 0.00 0.00 0.00 0.00 0.00 0.05 18.92 100.00 0.00 132.30 863.91 0.00
"9/1/2024 4:10:00 AM" 0.00 0.00 0.00 0.00 0.00 0.04 18.91 100.00 0.00 126.30 863.97 0.00
"9/1/2024 4:00:00 AM" 0.00 0.00 0.00 0.00 0.00 0.02 18.92 100.00 0.00 63.28 864.00 0.00
"9/1/2024 3:50:00 AM" 0.00 0.00 0.00 0.00 0.00 0.04 18.95 100.00 0.00 97.40 864.06 0.00
"9/1/2024 3:40:00 AM" 0.00 0.00 0.00 0.00 0.00 0.02 18.96 100.00 0.00 83.00 864.16 0.00
"9/1/2024 3:30:00 AM" 0.00 0.00 0.00 0.00 0.00 0.03 19.01 100.00 0.00 10.61 864.15 0.00
"9/1/2024 3:20:00 AM" 0.00 0.00 0.08 0.01 0.00 0.03 18.96 100.00 0.00 4.11 864.26 0.00
"9/1/2024 3:10:00 AM" 0.00 0.00 0.00 0.00 0.00 0.04 18.82 100.00 0.00 0.15 864.32 0.00
"9/1/2024 3:00:00 AM" 0.00 0.00 0.00 0.00 0.00 0.05 18.78 100.00 0.00 320.90 864.38 0.00
"9/1/2024 2:50:00 AM" 0.00 0.00 0.00 0.00 0.00 0.05 18.77 100.00 0.00 292.80 864.45 0.10
"9/1/2024 2:40:00 AM" 0.00 0.00 0.02 0.18 0.00 0.04 18.66 100.00 0.00 273.00 864.64 0.00
"9/1/2024 2:30:00 AM" 0.00 0.00 0.00 0.14 0.00 0.05 18.59 100.00 0.63 308.30 864.84 0.10
"9/1/2024 2:20:00 AM" 0.00 0.01 0.00 0.03 0.00 0.03 18.49 100.00 1.90 297.10 864.93 0.00
"9/1/2024 2:10:00 AM" 0.00 0.05 0.00 0.03 0.00 0.03 18.46 100.00 1.41 295.60 865.13 0.20
"9/1/2024 2:00:00 AM" 0.00 0.03 0.00 0.02 0.00 0.02 18.51 100.00 1.35 301.00 865.27 0.30
"9/1/2024 1:50:00 AM" 0.00 0.01 0.01 0.05 0.00 0.02 18.54 100.00 0.59 270.80 865.36 0.20
"9/1/2024 1:40:00 AM" 0.00 0.01 0.01 0.01 0.00 0.01 18.52 100.00 0.37 270.60 865.38 0.30
"9/1/2024 1:30:00 AM" 0.00 0.00 0.05 0.03 0.00 0.02 18.53 100.00 0.76 288.30 865.52 0.40
"9/1/2024 1:20:00 AM" 0.00 0.04 0.02 0.02 0.00 0.02 18.48 100.00 1.60 270.50 865.70 0.50
"9/1/2024 1:10:00 AM" 0.01 0.00 0.05 0.01 0.00 0.01 18.34 100.00 0.00 251.70 865.92 0.50
"9/1/2024 1:00:00 AM" 0.00 0.00 0.06 0.02 0.00 0.02 18.27 100.00 0.00 324.40 865.97 0.30
"9/1/2024 12:50:00 AM" 0.01 0.00 0.04 0.03 0.00 0.01 18.12 100.00 0.00 339.10 866.00 0.10
"9/1/2024 12:40:00 AM" 0.02 0.00 0.03 0.02 0.00 0.00 18.07 100.00 0.59 296.20 866.11 0.50
"9/1/2024 12:30:00 AM" 0.02 0.01 0.02 0.02 0.00 0.01 18.01 100.00 0.57 351.50 866.12 3.20
"9/1/2024 12:20:00 AM" 0.02 0.24 0.00 0.01 0.00 0.01 17.98 100.00 2.69 172.30 866.29 5.20
"9/1/2024 12:10:00 AM" 0.00 1.70 0.00 0.01 0.00 0.00 18.44 100.00 3.59 136.80 866.13 4.40
"9/1/2024 12:00:00 AM" 0.00 0.18 0.00 0.00 0.00 0.00 18.84 98.60 3.48 165.20 865.98 0.00
"8/31/2024 11:50:00 PM" 0.00 0.58 0.00 0.00 0.00 0.00 19.15 98.70 4.47 150.80 865.68 0.00
"8/31/2024 11:40:00 PM" 0.00 0.34 0.00 0.00 0.00 0.01 19.80 97.40 4.86 142.10 865.37 0.00
"8/31/2024 11:30:00 PM" 0.00 0.00 0.00 0.00 0.00 0.00 19.95 96.50 2.10 143.60 864.80 0.00
"8/31/2024 11:20:00 PM" 0.02 0.00 0.00 0.00 0.00 0.01 20.06 96.10 1.50 103.00 864.50 0.00
"8/31/2024 11:10:00 PM" 0.14 0.00 0.00 0.00 0.00 0.00 20.06 94.30 1.78 122.80 864.60 0.00
"8/31/2024 11:00:00 PM" 0.04 0.00 0.00 0.00 0.00 0.00 19.94 96.50 0.61 138.20 864.05 0.00
"8/31/2024 10:50:00 PM" 0.01 0.00 0.00 0.00 0.00 0.00 19.97 96.30 1.24 42.98 863.91 0.00
"8/31/2024 10:40:00 PM" 0.00 0.18 0.00 0.00 0.00 0.00 19.96 95.10 1.80 295.10 864.14 0.00
"8/31/2024 10:30:00 PM" 0.08 0.22 0.18 0.01 0.00 0.00 19.97 94.30 2.34 262.80 864.30 0.00
"8/31/2024 10:20:00 PM" 0.01 0.51 0.01 0.00 0.00 0.00 19.83 95.70 2.76 309.30 864.33 0.00
"8/31/2024 10:10:00 PM" 0.01 0.71 0.02 0.05 0.00 0.00 20.03 93.40 3.50 320.20 864.25 0.00
"8/31/2024 10:00:00 PM" 0.00 1.35 0.02 0.34 0.00 0.00 20.19 93.50 3.62 290.20 864.37 0.00
"8/31/2024 9:50:00 PM" 0.00 1.60 0.00 0.06 0.00 0.00 20.49 92.90 3.15 293.50 864.16 0.00
"8/31/2024 9:40:00 PM" 0.02 2.77 0.23 1.50 0.00 0.00 21.17 91.40 5.05 266.60 863.98 0.00
"8/31/2024 9:30:00 PM" 0.33 1.49 0.51 2.15 0.00 0.00 21.66 90.70 3.55 248.80 863.39 0.00
"8/31/2024 9:20:00 PM" 0.22 0.90 0.00 1.37 0.00 0.00 21.55 95.00 1.86 332.00 862.87 0.00
"8/31/2024 9:10:00 PM" 0.00 0.26 0.00 0.00 0.00 0.00 21.97 91.90 1.04 324.50 862.68 0.40
"8/31/2024 9:00:00 PM" 0.00 0.00 0.00 0.00 0.00 0.00 23.07 84.80 1.72 61.07 862.73 0.10
"8/31/2024 8:50:00 PM" 0.03 0.00 0.00 0.00 0.00 0.00 23.67 79.67 2.11 45.49 862.67 0.00
"8/31/2024 8:40:00 PM" 0.00 0.00 0.00 0.00 0.00 0.00 23.99 80.40 1.63 18.24 862.44 0.00
"8/31/2024 8:30:00 PM" 0.04 0.00 0.00 0.00 0.00 0.00 24.29 80.90 0.99 82.10 862.16 0.00
"8/31/2024 8:20:00 PM" 0.02 0.00 0.00 0.00 0.00 0.00 24.26 83.10 0.33 67.01 861.98 0.00
"8/31/2024 8:10:00 PM" 0.07 0.00 0.00 0.00 0.00 0.00 24.19 83.70 0.52 74.82 861.77 0.00
"8/31/2024 8:00:00 PM" 0.01 0.00 0.00 0.00 0.00 0.00 24.16 85.80 0.21 85.20 861.66 0.00
"8/31/2024 7:50:00 PM" 0.04 0.00 0.00 0.00 0.00 0.00 24.07 88.30 0.10 4.89 861.49 0.00
"8/31/2024 7:40:00 PM" 0.01 0.00 0.00 0.00 0.00 0.00 24.06 88.30 0.00 162.20 861.03 0.00
"8/31/2024 7:30:00 PM" 0.00 0.00 0.00 0.00 0.00 0.00 24.13 83.40 0.00 328.70 860.76 0.00
"8/31/2024 7:20:00 PM" 0.00 0.00 0.00 0.00 0.00 0.00 24.35 84.10 0.11 323.10 860.79 0.00
"8/31/2024 7:10:00 PM" 0.00 0.00 0.00 0.00 0.00 0.01 24.35 83.00 0.02 68.79 860.69 0.00
"8/31/2024 7:00:00 PM" 0.00 0.00 0.00 0.00 0.00 0.09 24.41 78.49 0.19 155.70 860.60 0.00
"8/31/2024 6:50:00 PM" 0.00 1.29 0.83 0.75 0.00 0.44 24.70 82.20 0.15 236.50 860.37 0.00
"8/31/2024 6:40:00 PM" 0.00 7.61 6.13 6.24 0.00 1.26 25.01 75.90 1.50 244.80 860.09 0.00
"8/31/2024 6:30:00 PM" 0.16 26.06 21.48 24.18 0.00 2.21 25.25 74.06 1.50 197.10 859.96 0.00
"8/31/2024 6:20:00 PM" 76.52 62.10 40.51 54.57 0.00 3.43 25.55 74.18 1.69 245.40 859.85 0.00
"8/31/2024 6:10:00 PM" 122.40 90.30 53.64 75.83 0.00 5.00 25.80 71.18 1.94 162.00 859.75 0.00
"8/31/2024 6:00:00 PM" 214.70 124.60 60.42 102.70 0.01 6.71 25.94 73.26 1.62 229.90 859.59 0.00
"8/31/2024 5:50:00 PM" 283.00 162.10 68.18 134.30 0.01 8.46 26.27 73.07 1.61 209.20 859.46 0.00
"8/31/2024 5:40:00 PM" 302.40 193.90 78.69 162.20 0.01 10.20 26.53 71.93 1.68 202.20 859.30 0.00
"8/31/2024 5:30:00 PM" 291.80 210.60 86.70 179.10 0.01 11.83 26.87 71.56 0.76 206.70 859.11 0.00
"8/31/2024 5:20:00 PM" 362.90 267.80 98.50 230.30 0.02 13.89 26.80 71.02 1.00 300.40 859.20 0.00
"8/31/2024 5:10:00 PM" 434.30 332.40 111.80 291.20 0.02 16.82 26.95 70.32 1.61 202.20 859.07 0.00
"8/31/2024 5:00:00 PM" 507.50 389.50 117.70 345.90 0.03 19.79 26.82 68.12 1.95 249.90 858.92 0.00
"8/31/2024 4:50:00 PM" 496.30 416.40 127.50 374.10 0.03 21.94 26.78 65.87 2.20 163.70 858.93 0.00
"8/31/2024 4:40:00 PM" 539.70 465.70 134.40 420.20 0.04 24.85 26.69 66.50 2.34 221.80 858.91 0.00
"8/31/2024 4:30:00 PM" 601.20 520.60 135.10 473.30 0.05 28.14 26.77 65.06 2.36 216.40 858.93 0.00
"8/31/2024 4:20:00 PM" 654.40 567.80 130.50 519.00 0.06 31.77 27.37 63.97 2.12 216.00 859.14 0.00
"8/31/2024 4:10:00 PM" 705.80 616.30 125.10 569.40 0.07 34.78 27.33 63.27 1.89 227.90 859.38 0.00
"8/31/2024 4:00:00 PM" 714.70 649.00 126.80 603.90 0.08 37.08 27.29 63.50 1.89 244.00 859.68 0.00
"8/31/2024 3:50:00 PM" 723.10 683.80 130.50 640.50 0.09 39.82 26.63 62.24 2.19 172.60 859.88 0.00
"8/31/2024 3:40:00 PM" 733.80 714.60 130.40 672.40 0.10 41.85 26.38 66.65 2.90 215.20 860.00 0.00
"8/31/2024 3:30:00 PM" 749.40 750.70 132.90 707.90 0.11 44.46 26.27 66.92 2.08 270.70 860.39 0.00
"8/31/2024 3:20:00 PM" 763.40 781.30 133.10 740.10 0.12 46.84 26.55 64.62 2.57 207.10 860.69 0.00
"8/31/2024 3:10:00 PM" 774.80 807.00 132.10 769.90 0.13 48.80 26.33 64.74 1.89 235.20 861.03 0.00
"8/31/2024 3:00:00 PM" 804.00 848.00 127.70 810.00 0.14 51.91 26.25 70.59 2.83 206.30 861.35 0.00
"8/31/2024 2:50:00 PM" 817.00 873.00 125.10 837.00 0.15 54.21 26.61 67.66 2.26 171.90 861.61 0.00
"8/31/2024 2:40:00 PM" 820.00 890.00 123.00 858.00 0.16 55.73 26.50 68.82 2.21 198.40 861.88 0.00
"8/31/2024 2:30:00 PM" 828.00 917.00 123.70 884.00 0.17 57.70 26.09 64.20 2.78 138.80 862.17 0.00
"8/31/2024 2:20:00 PM" 840.00 941.00 122.20 910.00 0.18 59.69 25.80 68.17 2.63 206.80 862.43 0.00
"8/31/2024 2:10:00 PM" 844.00 957.00 122.90 926.00 0.18 60.98 25.92 67.20 2.57 214.50 862.68 0.00
"8/31/2024 2:00:00 PM" 842.00 974.00 125.50 941.00 0.19 62.30 25.77 67.71 3.04 179.90 863.08 0.00
"8/31/2024 1:50:00 PM" 868.00 997.00 119.90 967.00 0.20 64.57 25.92 65.35 1.75 179.50 863.27 0.00
"8/31/2024 1:40:00 PM" 880.00 1013.00 111.70 983.00 0.21 65.48 25.90 70.59 3.18 175.80 863.42 0.00
"8/31/2024 1:30:00 PM" 891.00 1023.00 106.10 994.00 0.21 66.63 25.98 67.43 2.27 177.40 863.62 0.00
"8/31/2024 1:20:00 PM" 899.00 1026.00 99.50 1002.00 0.22 67.04 25.69 69.21 0.98 187.00 863.78 0.00
"8/31/2024 1:10:00 PM" 919.00 1045.00 92.00 1024.00 0.23 68.47 24.99 67.62 2.16 137.60 863.91 0.00
"8/31/2024 1:00:00 PM" 921.00 1047.00 87.40 1026.00 0.23 68.67 24.84 69.76 2.30 297.60 864.18 0.00
"8/31/2024 12:50:00 PM" 919.00 1046.00 85.90 1026.00 0.23 68.48 24.74 70.70 2.49 166.50 864.35 0.00
"8/31/2024 12:40:00 PM" 914.00 1042.00 86.70 1022.00 0.23 68.64 25.06 73.47 2.38 216.80 864.57 0.00
"8/31/2024 12:30:00 PM" 919.00 1042.00 85.10 1024.00 0.23 68.66 25.08 75.57 2.07 203.40 864.72 0.00
"8/31/2024 12:20:00 PM" 925.00 1040.00 83.70 1024.00 0.23 68.58 24.95 70.55 1.59 139.90 864.91 0.00
"8/31/2024 12:10:00 PM" 915.00 1027.00 83.30 1014.00 0.22 67.84 24.54 72.43 2.31 149.10 864.97 0.00
"8/31/2024 12:00:00 PM" 916.00 1023.00 83.90 1012.00 0.22 67.32 24.19 74.70 2.36 98.40 865.19 0.00
"8/31/2024 11:50:00 AM" 908.00 1007.00 85.20 997.00 0.21 66.26 24.41 75.02 2.54 194.40 865.39 0.00
"8/31/2024 11:40:00 AM" 898.00 999.00 85.80 991.00 0.21 65.50 24.63 77.39 2.34 206.10 865.65 0.00
"8/31/2024 11:30:00 AM" 898.00 979.00 86.40 975.00 0.20 63.99 24.37 78.55 1.97 89.00 865.80 0.00
"8/31/2024 11:20:00 AM" 898.00 965.00 87.10 962.00 0.20 62.80 24.18 76.93 2.29 115.30 865.99 0.00
"8/31/2024 11:10:00 AM" 887.00 940.00 88.90 936.00 0.19 61.23 24.18 79.62 1.92 104.00 866.22 0.00
"8/31/2024 11:00:00 AM" 884.00 914.00 85.10 914.00 0.18 59.54 23.95 81.00 0.88 83.90 866.46 0.00
"8/31/2024 10:50:00 AM" 885.00 895.00 83.30 894.00 0.17 58.02 24.00 79.71 1.34 71.73 866.67 0.00
"8/31/2024 10:40:00 AM" 873.00 867.00 87.00 869.00 0.16 55.84 23.83 80.70 0.90 126.80 866.73 0.00
"8/31/2024 10:30:00 AM" 864.00 839.00 85.70 840.00 0.15 53.59 23.75 85.30 1.08 146.20 866.70 0.00
"8/31/2024 10:20:00 AM" 869.00 827.00 90.70 832.00 0.14 52.25 23.16 84.80 0.61 44.51 866.87 0.00
"8/31/2024 10:10:00 AM" 644.60 660.00 109.60 664.10 0.12 44.17 22.77 84.10 1.22 129.00 867.06 0.00
"8/31/2024 10:00:00 AM" 655.40 762.10 192.70 768.50 0.12 47.16 22.67 86.70 1.26 91.70 867.08 0.00
"8/31/2024 9:50:00 AM" 242.90 484.30 220.10 485.10 0.08 34.94 22.60 89.60 0.60 94.10 867.06 0.00
"8/31/2024 9:40:00 AM" 174.50 363.00 178.70 349.30 0.07 28.65 22.82 89.70 1.22 131.80 867.10 0.00
"8/31/2024 9:30:00 AM" 819.00 779.40 185.40 776.90 0.09 43.36 22.94 91.00 0.99 120.80 867.14 0.00
"8/31/2024 9:20:00 AM" 646.40 641.20 177.90 623.80 0.08 37.12 22.90 94.90 1.42 142.40 867.09 0.00
"8/31/2024 9:10:00 AM" 197.10 444.70 240.50 434.50 0.06 29.31 22.39 98.60 1.35 149.30 866.97 0.00
"8/31/2024 9:00:00 AM" 385.80 475.70 195.70 474.30 0.05 28.59 22.43 99.20 1.53 124.70 866.98 0.00
"8/31/2024 8:50:00 AM" 525.20 439.30 125.40 435.00 0.05 26.96 22.71 98.40 1.29 162.00 866.86 0.00
"8/31/2024 8:40:00 AM" 621.90 490.60 134.90 483.30 0.04 27.60 22.41 100.00 1.43 149.30 866.76 0.00
"8/31/2024 8:30:00 AM" 414.40 452.40 188.30 445.40 0.04 24.82 22.19 100.00 0.12 153.10 866.82 0.00
"8/31/2024 8:20:00 AM" 378.10 442.20 189.70 434.40 0.03 22.49 21.21 100.00 0.00 43.37 866.67 0.00
"8/31/2024 8:10:00 AM" 172.80 288.50 155.90 279.70 0.02 17.21 20.44 100.00 0.00 309.80 866.48 0.00
"8/31/2024 8:00:00 AM" 233.10 299.70 147.90 292.20 0.02 16.09 19.61 100.00 0.00 12.01 866.39 0.00
"8/31/2024 7:50:00 AM" 96.20 223.70 146.60 219.60 0.01 12.58 19.07 100.00 0.07 329.30 866.42 0.00
"8/31/2024 7:40:00 AM" 14.95 148.90 118.10 144.20 0.01 8.80 18.77 100.00 0.21 320.50 866.37 0.00
"8/31/2024 7:30:00 AM" 11.25 97.90 78.15 96.10 0.01 5.60 18.66 100.00 1.29 218.00 865.99 0.00
"8/31/2024 7:20:00 AM" 0.89 62.29 52.26 60.16 0.00 3.47 18.81 100.00 0.07 231.50 866.03 0.00
"8/31/2024 7:10:00 AM" 19.38 63.39 49.59 60.44 0.00 2.47 18.69 100.00 0.87 138.20 865.86 0.00
"8/31/2024 7:00:00 AM" 8.73 37.17 30.12 36.93 0.00 1.62 18.60 100.00 0.76 156.80 865.55 0.00
"8/31/2024 6:50:00 AM" 0.00 22.35 19.06 21.68 0.00 0.84 18.56 100.00 1.09 183.80 865.49 0.00
"8/31/2024 6:40:00 AM" 0.00 7.01 6.30 6.76 0.00 0.37 18.54 100.00 1.32 159.90 865.38 0.00
"8/31/2024 6:30:00 AM" 0.00 1.46 1.47 1.28 0.00 0.13 18.53 100.00 0.00 161.80 865.37 0.10
"8/31/2024 6:20:00 AM" 0.00 0.15 0.27 0.09 0.00 0.05 18.52 100.00 1.00 172.60 865.26 0.00
"8/31/2024 6:10:00 AM" 0.00 0.04 0.00 0.02 0.00 0.04 18.57 100.00 1.95 242.90 865.39 0.00
"8/31/2024 6:00:00 AM" 0.00 0.00 0.00 0.00 0.00 0.04 18.59 100.00 0.74 264.00 865.68 0.20
"8/31/2024 5:50:00 AM" 0.00 0.03 0.00 0.00 0.00 0.03 18.59 100.00 0.02 294.50 866.02 0.30
"8/31/2024 5:40:00 AM" 0.00 0.16 0.00 0.00 0.00 0.03 18.70 100.00 0.65 299.80 866.30 1.00
"8/31/2024 5:30:00 AM" 0.00 0.02 0.00 0.00 0.00 0.03 18.93 100.00 0.18 335.00 866.42 0.60
"8/31/2024 5:20:00 AM" 0.00 0.00 0.00 0.00 0.00 0.04 18.94 100.00 0.00 52.88 866.49 0.50
"8/31/2024 5:10:00 AM" 0.00 0.00 0.00 0.00 0.00 0.03 18.94 100.00 0.00 52.83 866.49 0.60
"8/31/2024 5:00:00 AM" 0.00 0.00 0.00 0.00 0.00 0.04 18.90 100.00 0.00 55.14 866.42 0.40
"8/31/2024 4:50:00 AM" 0.00 0.00 0.00 0.00 0.00 0.04 18.81 100.00 0.00 104.90 866.32 0.40
"8/31/2024 4:40:00 AM" 0.00 0.00 0.01 0.00 0.00 0.03 18.71 100.00 0.39 164.40 866.36 0.70
"8/31/2024 4:30:00 AM" 0.00 0.00 0.00 0.00 0.00 0.01 18.68 100.00 0.45 146.70 866.33 0.70
"8/31/2024 4:20:00 AM" 0.00 0.02 0.00 0.00 0.00 0.04 18.58 100.00 1.08 344.60 866.27 0.70
"8/31/2024 4:10:00 AM" 0.00 0.01 0.00 0.00 0.00 0.05 18.61 100.00 2.25 308.40 866.37 0.70
"8/31/2024 4:00:00 AM" 0.00 0.01 0.00 0.00 0.00 0.05 18.68 100.00 1.83 328.70 866.54 1.00
"8/31/2024 3:50:00 AM" 0.00 0.02 0.00 0.00 0.00 0.04 18.72 100.00 1.79 338.90 866.75 0.70
"8/31/2024 3:40:00 AM" 0.00 0.01 0.00 0.00 0.00 0.03 18.78 100.00 1.52 310.40 866.73 0.20
"8/31/2024 3:30:00 AM" 0.00 0.00 0.00 0.00 0.00 0.02 18.67 100.00 1.06 27.52 866.68 0.50
"8/31/2024 3:20:00 AM" 0.00 0.01 0.00 0.00 0.00 0.02 18.54 100.00 1.58 344.20 866.65 0.80
"8/31/2024 3:10:00 AM" 0.04 0.00 0.04 0.01 0.00 0.01 18.53 100.00 0.69 304.30 866.80 0.60
"8/31/2024 3:00:00 AM" 0.02 0.04 0.01 0.00 0.00 0.01 18.34 100.00 1.39 10.50 866.53 2.80
"8/31/2024 2:50:00 AM" 0.00 0.03 0.00 0.00 0.00 0.02 18.41 100.00 1.68 34.06 866.37 4.30
"8/31/2024 2:40:00 AM" 0.04 0.00 0.04 0.01 0.00 0.01 18.45 100.00 0.99 74.31 866.52 1.30
"8/31/2024 2:30:00 AM" 0.04 0.13 0.02 0.00 0.00 0.01 18.26 100.00 1.14 116.60 866.17 4.80
"8/31/2024 2:20:00 AM" 0.02 0.22 0.00 0.00 0.00 0.00 18.41 100.00 1.54 25.14 865.94 5.00
"8/31/2024 2:10:00 AM" 0.18 0.02 0.01 0.03 0.00 0.00 18.63 100.00 0.76 312.00 865.71 3.40
"8/31/2024 2:00:00 AM" 0.01 1.96 0.00 0.00 0.00 0.00 18.77 100.00 0.66 63.70 865.63 3.30
"8/31/2024 1:50:00 AM" 0.04 1.22 0.00 0.08 0.00 0.00 20.16 96.10 1.47 132.60 865.45 0.80
"8/31/2024 1:40:00 AM" 0.03 0.00 0.00 0.00 0.00 0.00 20.17 93.70 1.90 2.62 864.79 0.00
"8/31/2024 1:30:00 AM" 0.00 0.02 0.00 0.00 0.00 0.00 20.35 92.90 5.31 180.00 864.93 0.00
"8/31/2024 1:20:00 AM" 0.00 0.72 0.00 0.00 0.00 0.00 21.18 91.20 5.75 182.20 864.95 0.00
"8/31/2024 1:10:00 AM" 0.01 0.00 0.00 0.00 0.00 0.00 22.41 91.70 3.31 164.20 865.06 0.00
"8/31/2024 1:00:00 AM" 0.09 0.00 0.00 0.00 0.00 0.00 22.43 90.50 1.45 210.70 864.88 0.00
"8/31/2024 12:50:00 AM" 0.05 0.00 0.00 0.00 0.00 0.00 22.37 91.60 0.88 329.00 864.68 0.00
"8/31/2024 12:40:00 AM" 0.05 0.00 0.00 0.00 0.00 0.00 22.38 90.90 2.21 306.60 864.77 0.00
"8/31/2024 12:30:00 AM" 0.01 0.00 0.00 0.00 0.00 0.00 22.36 93.60 0.89 266.10 864.94 0.00
"8/31/2024 12:20:00 AM" 0.06 0.00 0.00 0.00 0.00 0.00 22.36 92.00 0.36 337.40 865.26 0.00
"8/31/2024 12:10:00 AM" 0.01 0.00 0.00 0.00 0.00 0.00 22.12 92.70 1.36 325.90 865.33 0.00
"8/31/2024 12:00:00 AM" 0.01 0.00 0.00 0.00 0.00 0.00 22.35 94.00 1.28 338.30 865.28 0.00
"8/30/2024 11:50:00 PM" 0.02 0.00 0.00 0.00 0.00 0.00 22.49 92.70 0.56 347.20 865.29 0.00
"8/30/2024 11:40:00 PM" 0.03 0.00 0.00 0.00 0.00 0.00 22.56 91.30 1.01 339.80 865.13 0.00
"8/30/2024 11:30:00 PM" 0.02 0.00 0.00 0.00 0.00 0.00 22.53 91.60 0.85 326.60 865.15 0.00
"8/30/2024 11:20:00 PM" 0.06 0.00 0.00 0.00 0.00 0.00 22.42 92.00 1.46 330.40 865.21 0.00
"8/30/2024 11:10:00 PM" 0.01 0.00 0.00 0.00 0.00 0.00 22.29 93.60 1.54 331.20 865.12 0.00